00.npy_lq.tiff 0.7753 27.4211 27.4952 6.0099
00.npy_linear_l1.tiff 0.7994 27.6368 27.9607 6.3065
00.npy_pu21_l1.tiff 0.8013 27.9991 28.1595 6.3685
00.npy_pq_l1.tiff 0.8007 27.9961 28.1238 6.3450
00.npy_linear_pq.tiff 0.7953 27.5750 28.0171 6.2566
00.npy_linear_pu21.tiff 0.7884 27.4131 27.8035 6.1620
00.npy_linear_smape.tiff 0.7871 27.0124 27.6539 6.1602
00.npy_linear_mu.tiff 0.7737 25.1796 26.7266 5.9749
00.npy_mu_l1.tiff 0.8021 28.0308 28.1814 6.3621

01.npy_lq.tiff 0.8585 30.4608 34.0364 7.0789
01.npy_linear_l1.tiff 0.8591 30.0914 33.6285 7.1192
01.npy_pu21_l1.tiff 0.8548 30.3115 33.6042 7.0106
01.npy_pq_l1.tiff 0.8567 30.3720 33.6976 7.0476
01.npy_linear_pq.tiff 0.8559 28.6781 32.1228 7.0209
01.npy_linear_pu21.tiff 0.8492 29.2531 32.4819 6.9970
01.npy_linear_smape.tiff 0.8493 27.4721 30.4510 6.8630
01.npy_linear_mu.tiff 0.8333 24.3664 26.5429 6.6733
01.npy_mu_l1.tiff 0.8564 30.3344 33.6430 7.0479

02.npy_lq.tiff 0.9692 37.9217 37.3470 7.7208
02.npy_linear_l1.tiff 0.9732 38.8774 38.5487 8.0148
02.npy_pu21_l1.tiff 0.9762 39.8866 39.8400 8.1160
02.npy_pq_l1.tiff 0.9753 39.6841 39.6211 8.0883
02.npy_linear_pq.tiff 0.9725 38.4933 38.3978 7.9716
02.npy_linear_pu21.tiff 0.9709 38.0833 37.9472 7.8716
02.npy_linear_smape.tiff 0.9716 36.0993 36.6878 7.8583
02.npy_linear_mu.tiff 0.9670 35.2068 35.3415 7.7149
02.npy_mu_l1.tiff 0.9759 39.7872 39.6790 8.0973

03.npy_lq.tiff 0.9651 38.0559 37.4970 7.7910
03.npy_linear_l1.tiff 0.9690 38.9555 38.5490 8.0670
03.npy_pu21_l1.tiff 0.9713 40.3578 40.2301 8.1603
03.npy_pq_l1.tiff 0.9711 40.0846 39.8891 8.1472
03.npy_linear_pq.tiff 0.9675 38.2583 38.2842 8.0188
03.npy_linear_pu21.tiff 0.9652 37.6669 37.8563 7.8783
03.npy_linear_smape.tiff 0.9657 34.2260 34.8202 7.7324
03.npy_linear_mu.tiff 0.9598 31.4609 32.1745 7.5460
03.npy_mu_l1.tiff 0.9712 40.2992 40.1923 8.1515

04.npy_lq.tiff 0.9862 40.9145 40.5512 8.3854
04.npy_linear_l1.tiff 0.9866 42.2943 42.2120 8.5721
04.npy_pu21_l1.tiff 0.9885 44.8594 45.1101 8.6336
04.npy_pq_l1.tiff 0.9885 44.7227 44.9927 8.6415
04.npy_linear_pq.tiff 0.9856 41.7659 42.1192 8.5576
04.npy_linear_pu21.tiff 0.9840 41.0853 41.6605 8.4084
04.npy_linear_smape.tiff 0.9840 35.0753 35.4388 7.7854
04.npy_linear_mu.tiff 0.9804 32.4445 33.1891 7.7317
04.npy_mu_l1.tiff 0.9888 44.9350 45.1727 8.6438

05.npy_lq.tiff 0.9852 38.7223 39.9094 8.4183
05.npy_linear_l1.tiff 0.9865 39.0514 40.7542 8.5903
05.npy_pu21_l1.tiff 0.9881 39.8973 41.7902 8.7204
05.npy_pq_l1.tiff 0.9873 39.7238 41.3797 8.6462
05.npy_linear_pq.tiff 0.9853 38.4643 40.5669 8.5498
05.npy_linear_pu21.tiff 0.9848 38.2452 40.0344 8.4826
05.npy_linear_smape.tiff 0.9837 35.7240 37.9322 8.4214
05.npy_linear_mu.tiff 0.9803 33.0945 34.9682 8.2792
05.npy_mu_l1.tiff 0.9878 39.8337 41.6116 8.6952

06.npy_lq.tiff 0.9697 36.9719 37.8644 7.9962
06.npy_linear_l1.tiff 0.9728 37.5923 39.0736 8.2299
06.npy_pu21_l1.tiff 0.9757 38.3207 40.0931 8.3519
06.npy_pq_l1.tiff 0.9742 38.1580 39.6997 8.2741
06.npy_linear_pq.tiff 0.9718 37.1912 38.9456 8.1975
06.npy_linear_pu21.tiff 0.9704 36.8907 38.2462 8.0995
06.npy_linear_smape.tiff 0.9706 35.2776 37.0567 8.1072
06.npy_linear_mu.tiff 0.9648 33.4563 34.8247 7.8912
06.npy_mu_l1.tiff 0.9762 38.3251 40.1025 8.3776

07.npy_lq.tiff 0.9716 29.0116 28.9407 8.1735
07.npy_linear_l1.tiff 0.9716 20.1370 19.8911 7.8267
07.npy_pu21_l1.tiff 0.9729 32.6660 34.0546 8.3072
07.npy_pq_l1.tiff 0.9726 32.0853 32.9754 8.2711
07.npy_linear_pq.tiff 0.9717 21.1153 21.4049 7.9334
07.npy_linear_pu21.tiff 0.9714 22.2230 22.5134 8.0103
07.npy_linear_smape.tiff 0.9703 24.1620 23.7549 8.0115
07.npy_linear_mu.tiff 0.9674 24.4160 24.7583 7.9469
07.npy_mu_l1.tiff 0.9727 31.9026 32.4912 8.3022

08.npy_lq.tiff 0.6698 28.3901 31.5346 5.6123
08.npy_linear_l1.tiff 0.6755 28.4538 31.5642 5.8407
08.npy_pu21_l1.tiff 0.6765 28.4661 31.6385 5.8576
08.npy_pq_l1.tiff 0.6742 28.4648 31.5959 5.8559
08.npy_linear_pq.tiff 0.6770 28.4067 31.8786 5.8509
08.npy_linear_pu21.tiff 0.6838 28.2404 31.4368 5.8709
08.npy_linear_smape.tiff 0.6718 28.3077 30.8218 5.7990
08.npy_linear_mu.tiff 0.6674 28.3106 31.8843 5.6846
08.npy_mu_l1.tiff 0.6782 28.4653 31.6716 5.8668

09.npy_lq.tiff 0.9515 35.3632 34.6117 7.5263
09.npy_linear_l1.tiff 0.9579 36.3446 35.7413 7.8277
09.npy_pu21_l1.tiff 0.9659 37.2111 37.0244 8.0734
09.npy_pq_l1.tiff 0.9640 37.0874 36.7442 8.0123
09.npy_linear_pq.tiff 0.9565 35.7996 35.5963 7.7790
09.npy_linear_pu21.tiff 0.9542 35.4201 35.1230 7.6402
09.npy_linear_smape.tiff 0.9540 32.7012 32.9470 7.5050
09.npy_linear_mu.tiff 0.9461 30.6994 31.3720 7.3382
09.npy_mu_l1.tiff 0.9653 37.1866 36.9330 8.0392

10.npy_lq.tiff 0.7405 27.3601 27.1014 5.7873
10.npy_linear_l1.tiff 0.7671 27.5309 27.4816 6.0885
10.npy_pu21_l1.tiff 0.7725 28.0053 27.7977 6.1714
10.npy_pq_l1.tiff 0.7726 28.0126 27.7834 6.1664
10.npy_linear_pq.tiff 0.7635 27.4295 27.5158 6.0381
10.npy_linear_pu21.tiff 0.7558 27.1288 27.4098 5.9356
10.npy_linear_smape.tiff 0.7542 26.5883 27.1961 5.9198
10.npy_linear_mu.tiff 0.7379 24.1462 25.6318 5.7092
10.npy_mu_l1.tiff 0.7721 28.0184 27.8000 6.1589

11.npy_lq.tiff 0.9393 35.5831 34.9592 7.2824
11.npy_linear_l1.tiff 0.9451 36.0486 35.5885 7.5594
11.npy_pu21_l1.tiff 0.9508 36.7815 36.4109 7.7007
11.npy_pq_l1.tiff 0.9479 36.5898 36.1645 7.6311
11.npy_linear_pq.tiff 0.9439 35.8438 35.6145 7.5275
11.npy_linear_pu21.tiff 0.9408 35.5522 35.3253 7.3944
11.npy_linear_smape.tiff 0.9412 32.7893 32.8507 7.2772
11.npy_linear_mu.tiff 0.9351 30.8301 31.1753 7.1418
11.npy_mu_l1.tiff 0.9491 36.6957 36.2868 7.6416

12.npy_lq.tiff 0.9468 30.2345 30.6233 7.4888
12.npy_linear_l1.tiff 0.9516 20.4016 20.3086 7.5360
12.npy_pu21_l1.tiff 0.9580 32.5956 34.1923 7.9285
12.npy_pq_l1.tiff 0.9575 32.3521 33.5183 7.9106
12.npy_linear_pq.tiff 0.9502 21.6744 21.4703 7.4185
12.npy_linear_pu21.tiff 0.9486 23.5681 23.4294 7.5279
12.npy_linear_smape.tiff 0.9492 23.7360 23.4839 7.5108
12.npy_linear_mu.tiff 0.9404 24.7567 25.3510 7.3054
12.npy_mu_l1.tiff 0.9576 32.3541 33.2657 7.9144

13.npy_lq.tiff 0.9303 31.3551 31.4525 7.1252
13.npy_linear_l1.tiff 0.9383 20.6533 20.3854 7.2647
13.npy_pu21_l1.tiff 0.9406 34.3533 35.8697 7.5906
13.npy_pq_l1.tiff 0.9413 33.8235 34.7888 7.6088
13.npy_linear_pq.tiff 0.9373 22.8120 22.3745 7.0440
13.npy_linear_pu21.tiff 0.9345 25.5800 25.2037 7.2610
13.npy_linear_smape.tiff 0.9361 24.2658 23.7960 7.2766
13.npy_linear_mu.tiff 0.9278 26.1363 26.2092 7.1551
13.npy_mu_l1.tiff 0.9403 33.8032 34.4103 7.5732

14.npy_lq.tiff 0.9422 35.1584 35.3689 7.4757
14.npy_linear_l1.tiff 0.9473 34.4952 35.5981 7.7097
14.npy_pu21_l1.tiff 0.9515 37.0245 37.6248 7.8264
14.npy_pq_l1.tiff 0.9515 36.9628 37.4938 7.8012
14.npy_linear_pq.tiff 0.9444 33.1292 35.6187 7.6600
14.npy_linear_pu21.tiff 0.9396 30.0495 34.9042 7.5485
14.npy_linear_smape.tiff 0.9386 31.0746 34.8119 7.5276
14.npy_linear_mu.tiff 0.9311 25.1745 28.4280 7.1814
14.npy_mu_l1.tiff 0.9514 36.9918 37.5744 7.7888

15.npy_lq.tiff 0.9604 38.1576 37.6623 7.8083
15.npy_linear_l1.tiff 0.9654 38.9748 38.6431 8.0573
15.npy_pu21_l1.tiff 0.9681 39.8081 39.5366 8.1639
15.npy_pq_l1.tiff 0.9675 39.6702 39.3247 8.1316
15.npy_linear_pq.tiff 0.9638 38.1538 38.2726 8.0157
15.npy_linear_pu21.tiff 0.9616 37.0886 37.9961 7.8990
15.npy_linear_smape.tiff 0.9614 34.3259 35.3926 7.7426
15.npy_linear_mu.tiff 0.9554 30.1973 31.8906 7.5143
15.npy_mu_l1.tiff 0.9683 39.8786 39.5905 8.1575

16.npy_lq.tiff 0.8526 30.7998 30.1487 6.4357
16.npy_linear_l1.tiff 0.8703 31.1079 30.7491 6.8039
16.npy_pu21_l1.tiff 0.8797 32.1390 31.5867 6.9438
16.npy_pq_l1.tiff 0.8801 32.1842 31.6010 6.9497
16.npy_linear_pq.tiff 0.8678 30.7638 30.8176 6.7163
16.npy_linear_pu21.tiff 0.8606 29.7284 30.4673 6.5276
16.npy_linear_smape.tiff 0.8608 29.0106 29.8139 6.5115
16.npy_linear_mu.tiff 0.8426 25.2815 27.3758 6.0507
16.npy_mu_l1.tiff 0.8777 32.1050 31.5286 6.9032

17.npy_lq.tiff 0.9531 39.4898 39.1480 7.4288
17.npy_linear_l1.tiff 0.9563 39.8349 39.6162 7.6782
17.npy_pu21_l1.tiff 0.9576 40.6570 40.6062 7.6975
17.npy_pq_l1.tiff 0.9573 40.5392 40.4555 7.7008
17.npy_linear_pq.tiff 0.9559 39.5051 39.9119 7.6610
17.npy_linear_pu21.tiff 0.9550 39.0660 39.4891 7.5653
17.npy_linear_smape.tiff 0.9543 36.1461 37.2249 7.5037
17.npy_linear_mu.tiff 0.9499 33.6582 35.3634 7.3250
17.npy_mu_l1.tiff 0.9579 40.6492 40.6126 7.7046

18.npy_lq.tiff 0.9593 39.9545 40.0009 7.7738
18.npy_linear_l1.tiff 0.9630 40.3933 40.8518 8.0816
18.npy_pu21_l1.tiff 0.9636 41.2617 41.5652 8.0721
18.npy_pq_l1.tiff 0.9645 41.3111 41.5821 8.1140
18.npy_linear_pq.tiff 0.9601 38.6889 39.8693 8.0048
18.npy_linear_pu21.tiff 0.9574 37.7048 38.5706 7.8748
18.npy_linear_smape.tiff 0.9566 34.6573 35.6863 7.6936
18.npy_linear_mu.tiff 0.9510 30.2255 31.6433 7.5096
18.npy_mu_l1.tiff 0.9636 41.1913 41.5068 8.0595

19.npy_lq.tiff 0.8998 32.9647 32.1707 6.8711
19.npy_linear_l1.tiff 0.9094 33.4384 32.7783 7.1607
19.npy_pu21_l1.tiff 0.9134 34.2625 33.6215 7.2581
19.npy_pq_l1.tiff 0.9129 34.1115 33.4616 7.2409
19.npy_linear_pq.tiff 0.9073 33.1246 32.7561 7.1084
19.npy_linear_pu21.tiff 0.9033 32.6847 32.4975 6.9697
19.npy_linear_smape.tiff 0.9036 31.2120 31.3958 6.9223
19.npy_linear_mu.tiff 0.8936 28.8146 29.5408 6.6903
19.npy_mu_l1.tiff 0.9134 34.2870 33.6398 7.2475

20.npy_lq.tiff 0.9554 35.8777 35.0968 7.4742
20.npy_linear_l1.tiff 0.9578 36.6938 36.0139 7.7103
20.npy_pu21_l1.tiff 0.9606 38.7072 38.1779 7.7917
20.npy_pq_l1.tiff 0.9603 38.2895 37.7737 7.7781
20.npy_linear_pq.tiff 0.9567 36.2498 36.0450 7.6775
20.npy_linear_pu21.tiff 0.9547 35.9398 35.6564 7.5608
20.npy_linear_smape.tiff 0.9546 33.2759 33.5939 7.4716
20.npy_linear_mu.tiff 0.9494 30.8801 31.2517 7.3275
20.npy_mu_l1.tiff 0.9606 38.6602 38.1804 7.7780

21.npy_lq.tiff 0.9506 35.8174 36.6807 7.4512
21.npy_linear_l1.tiff 0.9536 36.1047 37.3270 7.6664
21.npy_pu21_l1.tiff 0.9565 36.7349 37.8611 7.7457
21.npy_pq_l1.tiff 0.9548 36.7238 37.7420 7.6898
21.npy_linear_pq.tiff 0.9528 35.7602 37.3201 7.6361
21.npy_linear_pu21.tiff 0.9510 35.4884 36.9356 7.5297
21.npy_linear_smape.tiff 0.9508 34.2059 35.8078 7.5334
21.npy_linear_mu.tiff 0.9454 32.1672 33.5492 7.3167
21.npy_mu_l1.tiff 0.9577 36.7471 37.8468 7.7902

22.npy_lq.tiff 0.9725 42.6028 43.3410 8.1572
22.npy_linear_l1.tiff 0.9726 42.7043 43.6836 8.1965
22.npy_pu21_l1.tiff 0.9727 43.1598 44.2509 8.1761
22.npy_pq_l1.tiff 0.9724 43.0603 44.0243 8.1561
22.npy_linear_pq.tiff 0.9713 41.7185 42.6172 8.1706
22.npy_linear_pu21.tiff 0.9700 40.7077 42.7851 8.0849
22.npy_linear_smape.tiff 0.9692 35.5603 36.6517 7.8201
22.npy_linear_mu.tiff 0.9677 31.5031 32.6659 7.7231
22.npy_mu_l1.tiff 0.9729 43.1537 44.2096 8.1928

23.npy_lq.tiff 0.9500 32.9637 32.9557 7.5882
23.npy_linear_l1.tiff 0.9557 33.1979 33.5534 7.8422
23.npy_pu21_l1.tiff 0.9617 35.3647 35.6340 7.9854
23.npy_pq_l1.tiff 0.9609 35.2150 35.4650 7.9577
23.npy_linear_pq.tiff 0.9543 33.6949 34.1203 7.7950
23.npy_linear_pu21.tiff 0.9512 32.7861 33.1312 7.7112
23.npy_linear_smape.tiff 0.9517 32.0167 32.7452 7.6556
23.npy_linear_mu.tiff 0.9418 29.2742 30.2945 7.4579
23.npy_mu_l1.tiff 0.9613 35.3358 35.6080 7.9719

24.npy_lq.tiff 0.3421 26.0756 26.9960 5.4098
24.npy_linear_l1.tiff 0.3453 26.0726 27.0149 5.4596
24.npy_pu21_l1.tiff 0.3501 26.3696 27.3520 5.4790
24.npy_pq_l1.tiff 0.3477 26.3461 27.3212 5.4726
24.npy_linear_pq.tiff 0.3565 25.8969 26.9411 5.4795
24.npy_linear_pu21.tiff 0.3490 25.6041 26.7902 5.4877
24.npy_linear_smape.tiff 0.3106 24.9207 26.0183 5.4331
24.npy_linear_mu.tiff 0.3542 24.3059 25.5546 5.4889
24.npy_mu_l1.tiff 0.3491 26.3510 27.3323 5.4762

25.npy_lq.tiff 0.9898 41.6341 42.0196 8.7537
25.npy_linear_l1.tiff 0.9899 41.4137 42.9899 8.9132
25.npy_pu21_l1.tiff 0.9911 44.0435 45.0085 8.8855
25.npy_pq_l1.tiff 0.9915 44.2349 45.0438 8.9305
25.npy_linear_pq.tiff 0.9885 36.8883 42.0799 8.8107
25.npy_linear_pu21.tiff 0.9851 32.7070 39.9305 8.5722
25.npy_linear_smape.tiff 0.9859 34.8405 36.2362 8.1855
25.npy_linear_mu.tiff 0.9807 29.4391 32.0980 8.0864
25.npy_mu_l1.tiff 0.9907 44.0181 44.8030 8.8451

26.npy_lq.tiff 0.9913 39.7692 42.5564 8.6477
26.npy_linear_l1.tiff 0.9917 39.9180 43.2016 8.7822
26.npy_pu21_l1.tiff 0.9918 40.4121 43.1927 8.8062
26.npy_pq_l1.tiff 0.9917 40.5328 43.2819 8.7812
26.npy_linear_pq.tiff 0.9910 39.5779 43.0263 8.7410
26.npy_linear_pu21.tiff 0.9903 39.3683 42.4557 8.6579
26.npy_linear_smape.tiff 0.9899 36.7388 39.2939 8.4975
26.npy_linear_mu.tiff 0.9875 35.3397 36.6766 8.4127
26.npy_mu_l1.tiff 0.9918 40.4233 43.0475 8.8059

27.npy_lq.tiff 0.9537 35.9639 36.6622 7.8194
27.npy_linear_l1.tiff 0.9623 36.9557 38.3650 8.1662
27.npy_pu21_l1.tiff 0.9627 37.7616 38.9207 8.2171
27.npy_pq_l1.tiff 0.9636 37.7667 38.8749 8.2130
27.npy_linear_pq.tiff 0.9584 34.8544 36.5554 8.0792
27.npy_linear_pu21.tiff 0.9544 32.8016 36.2466 7.9477
27.npy_linear_smape.tiff 0.9533 30.6483 34.6507 7.8134
27.npy_linear_mu.tiff 0.9462 25.1209 27.4345 7.3513
27.npy_mu_l1.tiff 0.9621 37.6666 38.8202 8.1727

28.npy_lq.tiff 0.8791 28.4125 28.5864 6.6962
28.npy_linear_l1.tiff 0.8929 28.2162 28.9575 6.9794
28.npy_pu21_l1.tiff 0.9074 30.1016 30.4500 7.2316
28.npy_pq_l1.tiff 0.9046 29.9589 30.2660 7.1669
28.npy_linear_pq.tiff 0.8907 28.3988 29.3160 6.9266
28.npy_linear_pu21.tiff 0.8850 27.5403 28.9195 6.8039
28.npy_linear_smape.tiff 0.8835 27.2059 28.6667 6.7654
28.npy_linear_mu.tiff 0.8716 23.5456 26.2196 6.5006
28.npy_mu_l1.tiff 0.9066 30.1137 30.4540 7.1943

29.npy_lq.tiff 0.9411 34.8447 34.1077 7.3198
29.npy_linear_l1.tiff 0.9462 35.5392 34.8738 7.5514
29.npy_pu21_l1.tiff 0.9509 36.2026 35.6311 7.6865
29.npy_pq_l1.tiff 0.9495 36.0500 35.4381 7.6429
29.npy_linear_pq.tiff 0.9450 35.1946 34.8117 7.5146
29.npy_linear_pu21.tiff 0.9432 34.8671 34.4692 7.4189
29.npy_linear_smape.tiff 0.9429 32.6712 32.7224 7.3077
29.npy_linear_mu.tiff 0.9362 31.3765 31.6088 7.1710
29.npy_mu_l1.tiff 0.9501 36.0948 35.5077 7.6514

navie_psnr_rgb = [27.4211, 30.4608, 37.9217, 38.0559, 40.9145, 38.7223, 36.9719, 29.0116, 28.3901, 35.3632, 27.3601, 35.5831, 30.2345, 31.3551, 35.1584, 38.1576, 30.7998, 39.4898, 39.9545, 32.9647, 35.8777, 35.8174, 42.6028, 32.9637, 26.0756, 41.6341, 39.7692, 35.9639, 28.4125, 34.8447]
linear_psnr_rgb = [27.6368, 30.0914, 38.8774, 38.9555, 42.2943, 39.0514, 37.5923, 20.137, 28.4538, 36.3446, 27.5309, 36.0486, 20.4016, 20.6533, 34.4952, 38.9748, 31.1079, 39.8349, 40.3933, 33.4384, 36.6938, 36.1047, 42.7043, 33.1979, 26.0726, 41.4137, 39.918, 36.9557, 28.2162, 35.5392]
log_psnr_rgb = []
pu_psnr_rgb = []
pq_psnr_rgb = [27.9961, 30.372, 39.6841, 40.0846, 44.7227, 39.7238, 38.158, 32.0853, 28.4648, 37.0874, 28.0126, 36.5898, 32.3521, 33.8235, 36.9628, 39.6702, 32.1842, 40.5392, 41.3111, 34.1115, 38.2895, 36.7238, 43.0603, 35.215, 26.3461, 44.2349, 40.5328, 37.7667, 29.9589, 36.05]
linear_smape_psnr_rgb = [27.0124, 27.4721, 36.0993, 34.226, 35.0753, 35.724, 35.2776, 24.162, 28.3077, 32.7012, 26.5883, 32.7893, 23.736, 24.2658, 31.0746, 34.3259, 29.0106, 36.1461, 34.6573, 31.212, 33.2759, 34.2059, 35.5603, 32.0167, 24.9207, 34.8405, 36.7388, 30.6483, 27.2059, 32.6712]
linear_pu_psnr_rgb = [27.4131, 29.2531, 38.0833, 37.6669, 41.0853, 38.2452, 36.8907, 22.223, 28.2404, 35.4201, 27.1288, 35.5522, 23.5681, 25.58, 30.0495, 37.0886, 29.7284, 39.066, 37.7048, 32.6847, 35.9398, 35.4884, 40.7077, 32.7861, 25.6041, 32.707, 39.3683, 32.8016, 27.5403, 34.8671]
linear_pq_psnr_rgb = [27.575, 28.6781, 38.4933, 38.2583, 41.7659, 38.4643, 37.1912, 21.1153, 28.4067, 35.7996, 27.4295, 35.8438, 21.6744, 22.812, 33.1292, 38.1538, 30.7638, 39.5051, 38.6889, 33.1246, 36.2498, 35.7602, 41.7185, 33.6949, 25.8969, 36.8883, 39.5779, 34.8544, 28.3988, 35.1946]
linear_mu_psnr_rgb = [25.1796, 24.3664, 35.2068, 31.4609, 32.4445, 33.0945, 33.4563, 24.416, 28.3106, 30.6994, 24.1462, 30.8301, 24.7567, 26.1363, 25.1745, 30.1973, 25.2815, 33.6582, 30.2255, 28.8146, 30.8801, 32.1672, 31.5031, 29.2742, 24.3059, 29.4391, 35.3397, 25.1209, 23.5456, 31.3765]
mu_l1_psnr_rgb = [28.0308, 30.3344, 39.7872, 40.2992, 44.935, 39.8337, 38.3251, 31.9026, 28.4653, 37.1866, 28.0184, 36.6957, 32.3541, 33.8032, 36.9918, 39.8786, 32.105, 40.6492, 41.1913, 34.287, 38.6602, 36.7471, 43.1537, 35.3358, 26.351, 44.0181, 40.4233, 37.6666, 30.1137, 36.0948]
pu21_psnr_rgb = [27.9991, 30.3115, 39.8866, 40.3578, 44.8594, 39.8973, 38.3207, 32.666, 28.4661, 37.2111, 28.0053, 36.7815, 32.5956, 34.3533, 37.0245, 39.8081, 32.139, 40.657, 41.2617, 34.2625, 38.7072, 36.7349, 43.1598, 35.3647, 26.3696, 44.0435, 40.4121, 37.7616, 30.1016, 36.2026]
navie_psnr_y = [27.4952, 34.0364, 37.347, 37.497, 40.5512, 39.9094, 37.8644, 28.9407, 31.5346, 34.6117, 27.1014, 34.9592, 30.6233, 31.4525, 35.3689, 37.6623, 30.1487, 39.148, 40.0009, 32.1707, 35.0968, 36.6807, 43.341, 32.9557, 26.996, 42.0196, 42.5564, 36.6622, 28.5864, 34.1077]
linear_psnr_y = [27.9607, 33.6285, 38.5487, 38.549, 42.212, 40.7542, 39.0736, 19.8911, 31.5642, 35.7413, 27.4816, 35.5885, 20.3086, 20.3854, 35.5981, 38.6431, 30.7491, 39.6162, 40.8518, 32.7783, 36.0139, 37.327, 43.6836, 33.5534, 27.0149, 42.9899, 43.2016, 38.365, 28.9575, 34.8738]
log_psnr_y = []
pu_psnr_y = []
pq_psnr_y = [28.1238, 33.6976, 39.6211, 39.8891, 44.9927, 41.3797, 39.6997, 32.9754, 31.5959, 36.7442, 27.7834, 36.1645, 33.5183, 34.7888, 37.4938, 39.3247, 31.601, 40.4555, 41.5821, 33.4616, 37.7737, 37.742, 44.0243, 35.465, 27.3212, 45.0438, 43.2819, 38.8749, 30.266, 35.4381]
linear_smape_psnr_y = [27.6539, 30.451, 36.6878, 34.8202, 35.4388, 37.9322, 37.0567, 23.7549, 30.8218, 32.947, 27.1961, 32.8507, 23.4839, 23.796, 34.8119, 35.3926, 29.8139, 37.2249, 35.6863, 31.3958, 33.5939, 35.8078, 36.6517, 32.7452, 26.0183, 36.2362, 39.2939, 34.6507, 28.6667, 32.7224]
linear_pu_psnr_y = [27.8035, 32.4819, 37.9472, 37.8563, 41.6605, 40.0344, 38.2462, 22.5134, 31.4368, 35.123, 27.4098, 35.3253, 23.4294, 25.2037, 34.9042, 37.9961, 30.4673, 39.4891, 38.5706, 32.4975, 35.6564, 36.9356, 42.7851, 33.1312, 26.7902, 39.9305, 42.4557, 36.2466, 28.9195, 34.4692]
linear_pq_psnr_y = [28.0171, 32.1228, 38.3978, 38.2842, 42.1192, 40.5669, 38.9456, 21.4049, 31.8786, 35.5963, 27.5158, 35.6145, 21.4703, 22.3745, 35.6187, 38.2726, 30.8176, 39.9119, 39.8693, 32.7561, 36.045, 37.3201, 42.6172, 34.1203, 26.9411, 42.0799, 43.0263, 36.5554, 29.316, 34.8117]
linear_mu_psnr_y = [26.7266, 26.5429, 35.3415, 32.1745, 33.1891, 34.9682, 34.8247, 24.7583, 31.8843, 31.372, 25.6318, 31.1753, 25.351, 26.2092, 28.428, 31.8906, 27.3758, 35.3634, 31.6433, 29.5408, 31.2517, 33.5492, 32.6659, 30.2945, 25.5546, 32.098, 36.6766, 27.4345, 26.2196, 31.6088]
mu_l1_psnr_y = [28.1814, 33.643, 39.679, 40.1923, 45.1727, 41.6116, 40.1025, 32.4912, 31.6716, 36.933, 27.8, 36.2868, 33.2657, 34.4103, 37.5744, 39.5905, 31.5286, 40.6126, 41.5068, 33.6398, 38.1804, 37.8468, 44.2096, 35.608, 27.3323, 44.803, 43.0475, 38.8202, 30.454, 35.5077]
pu21_psnr_y = [28.1595, 33.6042, 39.84, 40.2301, 45.1101, 41.7902, 40.0931, 34.0546, 31.6385, 37.0244, 27.7977, 36.4109, 34.1923, 35.8697, 37.6248, 39.5366, 31.5867, 40.6062, 41.5652, 33.6215, 38.1779, 37.8611, 44.2509, 35.634, 27.352, 45.0085, 43.1927, 38.9207, 30.45, 35.6311]
navie_cvvdp = [6.0099, 7.0789, 7.7208, 7.791, 8.3854, 8.4183, 7.9962, 8.1735, 5.6123, 7.5263, 5.7873, 7.2824, 7.4888, 7.1252, 7.4757, 7.8083, 6.4357, 7.4288, 7.7738, 6.8711, 7.4742, 7.4512, 8.1572, 7.5882, 5.4098, 8.7537, 8.6477, 7.8194, 6.6962, 7.3198]
linear_cvvdp = [6.3065, 7.1192, 8.0148, 8.067, 8.5721, 8.5903, 8.2299, 7.8267, 5.8407, 7.8277, 6.0885, 7.5594, 7.536, 7.2647, 7.7097, 8.0573, 6.8039, 7.6782, 8.0816, 7.1607, 7.7103, 7.6664, 8.1965, 7.8422, 5.4596, 8.9132, 8.7822, 8.1662, 6.9794, 7.5514]
log_cvvdp = []
pu_cvvdp = []
pq_cvvdp = [6.345, 7.0476, 8.0883, 8.1472, 8.6415, 8.6462, 8.2741, 8.2711, 5.8559, 8.0123, 6.1664, 7.6311, 7.9106, 7.6088, 7.8012, 8.1316, 6.9497, 7.7008, 8.114, 7.2409, 7.7781, 7.6898, 8.1561, 7.9577, 5.4726, 8.9305, 8.7812, 8.213, 7.1669, 7.6429]
linear_smape_cvvdp = [6.1602, 6.863, 7.8583, 7.7324, 7.7854, 8.4214, 8.1072, 8.0115, 5.799, 7.505, 5.9198, 7.2772, 7.5108, 7.2766, 7.5276, 7.7426, 6.5115, 7.5037, 7.6936, 6.9223, 7.4716, 7.5334, 7.8201, 7.6556, 5.4331, 8.1855, 8.4975, 7.8134, 6.7654, 7.3077]
linear_pu_cvvdp = [6.162, 6.997, 7.8716, 7.8783, 8.4084, 8.4826, 8.0995, 8.0103, 5.8709, 7.6402, 5.9356, 7.3944, 7.5279, 7.261, 7.5485, 7.899, 6.5276, 7.5653, 7.8748, 6.9697, 7.5608, 7.5297, 8.0849, 7.7112, 5.4877, 8.5722, 8.6579, 7.9477, 6.8039, 7.4189]
linear_pq_cvvdp = [6.2566, 7.0209, 7.9716, 8.0188, 8.5576, 8.5498, 8.1975, 7.9334, 5.8509, 7.779, 6.0381, 7.5275, 7.4185, 7.044, 7.66, 8.0157, 6.7163, 7.661, 8.0048, 7.1084, 7.6775, 7.6361, 8.1706, 7.795, 5.4795, 8.8107, 8.741, 8.0792, 6.9266, 7.5146]
linear_mu_cvvdp = [5.9749, 6.6733, 7.7149, 7.546, 7.7317, 8.2792, 7.8912, 7.9469, 5.6846, 7.3382, 5.7092, 7.1418, 7.3054, 7.1551, 7.1814, 7.5143, 6.0507, 7.325, 7.5096, 6.6903, 7.3275, 7.3167, 7.7231, 7.4579, 5.4889, 8.0864, 8.4127, 7.3513, 6.5006, 7.171]
mu_l1_psnr_cvvdp = [6.3621, 7.0479, 8.0973, 8.1515, 8.6438, 8.6952, 8.3776, 8.3022, 5.8668, 8.0392, 6.1589, 7.6416, 7.9144, 7.5732, 7.7888, 8.1575, 6.9032, 7.7046, 8.0595, 7.2475, 7.778, 7.7902, 8.1928, 7.9719, 5.4762, 8.8451, 8.8059, 8.1727, 7.1943, 7.6514]
pu21_cvvdp = [6.3685, 7.0106, 8.116, 8.1603, 8.6336, 8.7204, 8.3519, 8.3072, 5.8576, 8.0734, 6.1714, 7.7007, 7.9285, 7.5906, 7.8264, 8.1639, 6.9438, 7.6975, 8.0721, 7.2581, 7.7917, 7.7457, 8.1761, 7.9854, 5.479, 8.8855, 8.8062, 8.2171, 7.2316, 7.6865]
navie_ssim = [0.7753, 0.8585, 0.9692, 0.9651, 0.9862, 0.9852, 0.9697, 0.9716, 0.6698, 0.9515, 0.7405, 0.9393, 0.9468, 0.9303, 0.9422, 0.9604, 0.8526, 0.9531, 0.9593, 0.8998, 0.9554, 0.9506, 0.9725, 0.95, 0.3421, 0.9898, 0.9913, 0.9537, 0.8791, 0.9411]
linear_ssim = [0.7994, 0.8591, 0.9732, 0.969, 0.9866, 0.9865, 0.9728, 0.9716, 0.6755, 0.9579, 0.7671, 0.9451, 0.9516, 0.9383, 0.9473, 0.9654, 0.8703, 0.9563, 0.963, 0.9094, 0.9578, 0.9536, 0.9726, 0.9557, 0.3453, 0.9899, 0.9917, 0.9623, 0.8929, 0.9462]
pu_ssim = []
pq_ssim = [0.8007, 0.8567, 0.9753, 0.9711, 0.9885, 0.9873, 0.9742, 0.9726, 0.6742, 0.964, 0.7726, 0.9479, 0.9575, 0.9413, 0.9515, 0.9675, 0.8801, 0.9573, 0.9645, 0.9129, 0.9603, 0.9548, 0.9724, 0.9609, 0.3477, 0.9915, 0.9917, 0.9636, 0.9046, 0.9495]
linear_smape_ssim = [0.7871, 0.8493, 0.9716, 0.9657, 0.984, 0.9837, 0.9706, 0.9703, 0.6718, 0.954, 0.7542, 0.9412, 0.9492, 0.9361, 0.9386, 0.9614, 0.8608, 0.9543, 0.9566, 0.9036, 0.9546, 0.9508, 0.9692, 0.9517, 0.3106, 0.9859, 0.9899, 0.9533, 0.8835, 0.9429]
linear_pu_ssim = [0.7884, 0.8492, 0.9709, 0.9652, 0.984, 0.9848, 0.9704, 0.9714, 0.6838, 0.9542, 0.7558, 0.9408, 0.9486, 0.9345, 0.9396, 0.9616, 0.8606, 0.955, 0.9574, 0.9033, 0.9547, 0.951, 0.97, 0.9512, 0.349, 0.9851, 0.9903, 0.9544, 0.885, 0.9432]
linear_pq_ssim = [0.7953, 0.8559, 0.9725, 0.9675, 0.9856, 0.9853, 0.9718, 0.9717, 0.677, 0.9565, 0.7635, 0.9439, 0.9502, 0.9373, 0.9444, 0.9638, 0.8678, 0.9559, 0.9601, 0.9073, 0.9567, 0.9528, 0.9713, 0.9543, 0.3565, 0.9885, 0.991, 0.9584, 0.8907, 0.945]
linear_mu_ssim = [0.7737, 0.8333, 0.967, 0.9598, 0.9804, 0.9803, 0.9648, 0.9674, 0.6674, 0.9461, 0.7379, 0.9351, 0.9404, 0.9278, 0.9311, 0.9554, 0.8426, 0.9499, 0.951, 0.8936, 0.9494, 0.9454, 0.9677, 0.9418, 0.3542, 0.9807, 0.9875, 0.9462, 0.8716, 0.9362]
mu_l1_psnr_ssim = [0.8021, 0.8564, 0.9759, 0.9712, 0.9888, 0.9878, 0.9762, 0.9727, 0.6782, 0.9653, 0.7721, 0.9491, 0.9576, 0.9403, 0.9514, 0.9683, 0.8777, 0.9579, 0.9636, 0.9134, 0.9606, 0.9577, 0.9729, 0.9613, 0.3491, 0.9907, 0.9918, 0.9621, 0.9066, 0.9501]
pu21_ssim = [0.8013, 0.8548, 0.9762, 0.9713, 0.9885, 0.9881, 0.9757, 0.9729, 0.6765, 0.9659, 0.7725, 0.9508, 0.958, 0.9406, 0.9515, 0.9681, 0.8797, 0.9576, 0.9636, 0.9134, 0.9606, 0.9565, 0.9727, 0.9617, 0.3501, 0.9911, 0.9918, 0.9627, 0.9074, 0.9509]
