Bar_Harbor_Sunrise_raw_mu_l1.hdr 0.9097 32.1249 33.5302 7.2757
Bar_Harbor_Sunrise_raw_pu21_l1.hdr 0.8862 30.8533 32.3157 6.9019
Bar_Harbor_Sunrise_raw_naive.hdr 0.7667 24.7153 24.9372 4.6518
Bar_Harbor_Sunrise_raw_linear_l1.hdr 0.8478 28.7975 30.5290 6.2625
Bar_Harbor_Sunrise_raw_pu_l1.hdr 0.8991 31.5926 32.9893 7.1656
Bar_Harbor_Sunrise_raw_pq_l1.hdr 0.9156 32.5242 34.0349 7.4266
Bar_Harbor_Sunrise_raw_linear_pq.hdr 0.9023 31.6888 33.4605 7.2280
Bar_Harbor_Sunrise_raw_linear_pu.hdr 0.8746 30.4438 31.8497 6.6940
Bar_Harbor_Sunrise_raw_linear_smape.hdr 0.8978 31.4859 33.1738 7.1039
Bar_Harbor_Sunrise_raw_linear_mu.hdr 0.9022 31.7088 33.3548 7.1939

Ben&Jerry's_raw_mu_l1.hdr 0.8293 26.9848 28.3542 6.3349
Ben&Jerry's_raw_pu21_l1.hdr 0.7967 26.1802 27.6271 6.0347
Ben&Jerry's_raw_naive.hdr 0.6459 20.9656 21.5594 4.1339
Ben&Jerry's_raw_linear_l1.hdr 0.7871 25.7233 27.3621 5.9675
Ben&Jerry's_raw_pu_l1.hdr 0.8180 26.7249 28.1617 6.2630
Ben&Jerry's_raw_pq_l1.hdr 0.8370 27.3095 28.8393 6.4453
Ben&Jerry's_raw_linear_pq.hdr 0.8345 26.4785 28.7999 6.4507
Ben&Jerry's_raw_linear_pu.hdr 0.7962 25.8987 27.7272 6.0314
Ben&Jerry's_raw_linear_smape.hdr 0.8239 26.9728 28.5422 6.3309
Ben&Jerry's_raw_linear_mu.hdr 0.8464 27.4839 29.1924 6.5920

Blooming_Gorse_1_raw_mu_l1.hdr 0.7606 21.0491 26.8927 5.9148
Blooming_Gorse_1_raw_pu21_l1.hdr 0.7282 20.3369 26.6320 5.7033
Blooming_Gorse_1_raw_naive.hdr 0.5594 17.4909 20.8348 3.8366
Blooming_Gorse_1_raw_linear_l1.hdr 0.7277 19.0987 26.5621 5.7711
Blooming_Gorse_1_raw_pu_l1.hdr 0.7529 20.9615 27.0238 5.8983
Blooming_Gorse_1_raw_pq_l1.hdr 0.7788 21.2231 27.6432 6.0969
Blooming_Gorse_1_raw_linear_pq.hdr 0.7746 15.5488 27.8911 6.1599
Blooming_Gorse_1_raw_linear_pu.hdr 0.7294 17.0157 26.7639 5.7375
Blooming_Gorse_1_raw_linear_smape.hdr 0.7681 20.4874 27.6973 6.0647
Blooming_Gorse_1_raw_linear_mu.hdr 0.7923 21.2631 28.2256 6.3036

Cades_Cove_raw_mu_l1.hdr 0.7612 24.9568 29.0532 5.7743
Cades_Cove_raw_pu21_l1.hdr 0.7219 24.2442 28.2214 5.4851
Cades_Cove_raw_naive.hdr 0.5647 20.9837 23.2443 3.6157
Cades_Cove_raw_linear_l1.hdr 0.7128 23.9416 27.9595 5.4265
Cades_Cove_raw_pu_l1.hdr 0.7461 24.7172 28.7364 5.6935
Cades_Cove_raw_pq_l1.hdr 0.7758 25.1453 29.3903 5.9282
Cades_Cove_raw_linear_pq.hdr 0.7714 24.5125 29.3456 5.9397
Cades_Cove_raw_linear_pu.hdr 0.7198 24.0434 28.2645 5.4452
Cades_Cove_raw_linear_smape.hdr 0.7567 24.7028 29.0631 5.8008
Cades_Cove_raw_linear_mu.hdr 0.7878 25.1642 29.6871 6.0957

El_Capitan_raw_mu_l1.hdr 0.7321 25.0534 26.5477 5.6431
El_Capitan_raw_pu21_l1.hdr 0.6843 24.2965 25.7751 5.3125
El_Capitan_raw_naive.hdr 0.4296 18.9280 19.6811 3.1848
El_Capitan_raw_linear_l1.hdr 0.6762 24.0867 25.5981 5.2818
El_Capitan_raw_pu_l1.hdr 0.7178 24.8576 26.3729 5.5729
El_Capitan_raw_pq_l1.hdr 0.7511 25.4492 27.0572 5.8032
El_Capitan_raw_linear_pq.hdr 0.7488 25.4088 27.0683 5.8131
El_Capitan_raw_linear_pu.hdr 0.6849 24.3467 25.8446 5.3102
El_Capitan_raw_linear_smape.hdr 0.7292 25.0900 26.7026 5.6544
El_Capitan_raw_linear_mu.hdr 0.7652 25.6879 27.4392 5.9546

Flamingo_raw_mu_l1.hdr 0.7603 22.4980 26.9630 6.3897
Flamingo_raw_pu21_l1.hdr 0.7317 22.0810 26.3263 6.0737
Flamingo_raw_naive.hdr 0.5603 16.4430 17.6734 3.8587
Flamingo_raw_linear_l1.hdr 0.6646 17.4473 24.2905 5.6385
Flamingo_raw_pu_l1.hdr 0.7498 22.2844 26.7774 6.2980
Flamingo_raw_pq_l1.hdr 0.7727 22.3763 27.5308 6.5791
Flamingo_raw_linear_pq.hdr 0.7629 20.9241 27.5629 6.4440
Flamingo_raw_linear_pu.hdr 0.7258 20.9868 25.9013 5.9555
Flamingo_raw_linear_smape.hdr 0.7551 22.3021 27.4386 6.3234
Flamingo_raw_linear_mu.hdr 0.7663 22.3956 27.9499 6.5039

Golden_Gate_2_raw_mu_l1.hdr 0.8785 33.0652 33.7882 6.8905
Golden_Gate_2_raw_pu21_l1.hdr 0.8572 32.1068 32.7970 6.5621
Golden_Gate_2_raw_naive.hdr 0.7810 27.5400 27.6496 4.9240
Golden_Gate_2_raw_linear_l1.hdr 0.8323 31.0411 31.6920 6.1114
Golden_Gate_2_raw_pu_l1.hdr 0.8719 32.7396 33.4481 6.8307
Golden_Gate_2_raw_pq_l1.hdr 0.8838 33.2180 34.0147 7.0125
Golden_Gate_2_raw_linear_pq.hdr 0.8754 32.7348 33.6702 6.8990
Golden_Gate_2_raw_linear_pu.hdr 0.8516 31.9380 32.6500 6.4495
Golden_Gate_2_raw_linear_smape.hdr 0.8711 32.6007 33.4717 6.8090
Golden_Gate_2_raw_linear_mu.hdr 0.8808 32.7369 33.7861 7.0054

Hancock_Kitchen_Inside_raw_mu_l1.hdr 0.9521 35.7596 36.9239 7.7627
Hancock_Kitchen_Inside_raw_pu21_l1.hdr 0.9379 33.5090 34.5519 7.3999
Hancock_Kitchen_Inside_raw_naive.hdr 0.8582 23.8452 24.1716 5.2937
Hancock_Kitchen_Inside_raw_linear_l1.hdr 0.9148 30.9736 32.8734 6.9482
Hancock_Kitchen_Inside_raw_pu_l1.hdr 0.9448 35.0644 36.1312 7.6193
Hancock_Kitchen_Inside_raw_pq_l1.hdr 0.9553 36.2480 37.5191 7.8974
Hancock_Kitchen_Inside_raw_linear_pq.hdr 0.9524 36.0821 37.5097 7.8391
Hancock_Kitchen_Inside_raw_linear_pu.hdr 0.9372 34.1624 35.2941 7.3678
Hancock_Kitchen_Inside_raw_linear_smape.hdr 0.9486 35.5708 36.8441 7.7144
Hancock_Kitchen_Inside_raw_linear_mu.hdr 0.9529 36.0145 37.5390 7.8780

Lab_Booth_raw_mu_l1.hdr 0.9066 26.8099 31.6598 6.7994
Lab_Booth_raw_pu21_l1.hdr 0.8940 25.7901 31.1227 6.5662
Lab_Booth_raw_naive.hdr 0.7958 19.4653 20.2354 4.7831
Lab_Booth_raw_linear_l1.hdr 0.8549 18.6333 28.7020 6.3647
Lab_Booth_raw_pu_l1.hdr 0.9033 26.6323 31.8856 6.7628
Lab_Booth_raw_pq_l1.hdr 0.9143 27.0733 32.9977 6.9451
Lab_Booth_raw_linear_pq.hdr 0.9055 12.5999 32.5699 6.7871
Lab_Booth_raw_linear_pu.hdr 0.8805 15.4929 30.9900 6.5095
Lab_Booth_raw_linear_smape.hdr 0.9080 26.4297 32.6686 6.8568
Lab_Booth_raw_linear_mu.hdr 0.9122 26.4821 32.8689 7.0519

Lab_Typwriter_raw_mu_l1.hdr 0.9255 33.7161 36.3356 7.4556
Lab_Typwriter_raw_pu21_l1.hdr 0.9135 32.5962 35.0671 7.1789
Lab_Typwriter_raw_naive.hdr 0.8559 25.6291 26.1358 5.5900
Lab_Typwriter_raw_linear_l1.hdr 0.8831 30.2106 32.5408 6.8895
Lab_Typwriter_raw_pu_l1.hdr 0.9204 33.2899 35.8313 7.3597
Lab_Typwriter_raw_pq_l1.hdr 0.9295 33.9532 36.6511 7.6253
Lab_Typwriter_raw_linear_pq.hdr 0.9276 33.7131 36.6467 7.5947
Lab_Typwriter_raw_linear_pu.hdr 0.9128 32.6456 35.1387 7.1786
Lab_Typwriter_raw_linear_smape.hdr 0.9241 33.3834 36.2635 7.4784
Lab_Typwriter_raw_linear_mu.hdr 0.9290 33.7114 36.7870 7.6416

Lab_Window_raw_mu_l1.hdr 0.9334 26.6751 32.6372 7.5799
Lab_Window_raw_pu21_l1.hdr 0.9194 25.7739 31.2398 7.2860
Lab_Window_raw_naive.hdr 0.8416 21.5481 23.5898 5.4618
Lab_Window_raw_linear_l1.hdr 0.8834 19.5575 29.3214 6.7877
Lab_Window_raw_pu_l1.hdr 0.9266 27.3732 32.2129 7.4590
Lab_Window_raw_pq_l1.hdr 0.9359 27.2183 32.9981 7.6564
Lab_Window_raw_linear_pq.hdr 0.9306 15.0874 28.2048 7.1402
Lab_Window_raw_linear_pu.hdr 0.9095 15.1637 27.6071 6.9635
Lab_Window_raw_linear_smape.hdr 0.9276 24.5588 33.0272 7.6265
Lab_Window_raw_linear_mu.hdr 0.9318 23.8357 33.4972 7.6830

Las_Vegas_Store_raw_mu_l1.hdr 0.8599 26.4632 31.4187 6.9655
Las_Vegas_Store_raw_pu21_l1.hdr 0.8410 25.4881 30.2881 6.6579
Las_Vegas_Store_raw_naive.hdr 0.7147 19.5644 20.5920 4.4700
Las_Vegas_Store_raw_linear_l1.hdr 0.8168 21.8702 28.4095 6.4237
Las_Vegas_Store_raw_pu_l1.hdr 0.8519 26.2922 30.8897 6.8360
Las_Vegas_Store_raw_pq_l1.hdr 0.8682 26.6819 32.0642 7.1625
Las_Vegas_Store_raw_linear_pq.hdr 0.8627 22.6424 31.2373 7.0091
Las_Vegas_Store_raw_linear_pu.hdr 0.8386 22.8893 29.8677 6.5860
Las_Vegas_Store_raw_linear_smape.hdr 0.8576 24.8841 31.7969 6.9474
Las_Vegas_Store_raw_linear_mu.hdr 0.8641 25.1915 32.1876 7.1025

McKee's_Pub_raw_mu_l1.hdr 0.9267 32.8964 34.5068 7.1774
McKee's_Pub_raw_pu21_l1.hdr 0.9124 31.8656 33.6498 6.8812
McKee's_Pub_raw_naive.hdr 0.8098 23.2587 23.7010 4.7815
McKee's_Pub_raw_linear_l1.hdr 0.8948 29.9108 32.5238 6.5569
McKee's_Pub_raw_pu_l1.hdr 0.9219 32.6324 34.2951 7.1170
McKee's_Pub_raw_pq_l1.hdr 0.9309 33.2321 35.1444 7.3046
McKee's_Pub_raw_linear_pq.hdr 0.9297 31.8172 35.1383 7.3019
McKee's_Pub_raw_linear_pu.hdr 0.9103 31.1995 33.6038 6.8249
McKee's_Pub_raw_linear_smape.hdr 0.9255 32.3904 34.7915 7.1839
McKee's_Pub_raw_linear_mu.hdr 0.9319 32.7244 35.1944 7.3914

Old_Faithful_Inn_raw_mu_l1.hdr 0.9318 32.4160 33.3094 7.4744
Old_Faithful_Inn_raw_pu21_l1.hdr 0.9140 31.0490 31.8173 7.1496
Old_Faithful_Inn_raw_naive.hdr 0.8195 22.3218 22.5410 5.1849
Old_Faithful_Inn_raw_linear_l1.hdr 0.8897 29.4591 30.6790 6.6677
Old_Faithful_Inn_raw_pu_l1.hdr 0.9246 31.8622 32.7188 7.3757
Old_Faithful_Inn_raw_pq_l1.hdr 0.9360 32.7986 33.7944 7.5982
Old_Faithful_Inn_raw_linear_pq.hdr 0.9298 32.4378 33.7153 7.4792
Old_Faithful_Inn_raw_linear_pu.hdr 0.9081 31.0032 31.9264 6.9999
Old_Faithful_Inn_raw_linear_smape.hdr 0.9262 32.2987 33.2789 7.3831
Old_Faithful_Inn_raw_linear_mu.hdr 0.9311 32.6106 33.8618 7.5310

RIT_Tiger_raw_mu_l1.hdr 0.9165 33.7582 34.9256 6.7139
RIT_Tiger_raw_pu21_l1.hdr 0.9032 32.2905 34.2596 6.4811
RIT_Tiger_raw_naive.hdr 0.8116 23.8650 24.1405 4.6867
RIT_Tiger_raw_linear_l1.hdr 0.8943 32.0570 33.6342 6.3268
RIT_Tiger_raw_pu_l1.hdr 0.9128 33.6037 34.8844 6.6718
RIT_Tiger_raw_pq_l1.hdr 0.9229 34.3717 35.8642 6.8759
RIT_Tiger_raw_linear_pq.hdr 0.9229 34.3872 35.9426 6.9169
RIT_Tiger_raw_linear_pu.hdr 0.9028 32.9600 34.3141 6.4574
RIT_Tiger_raw_linear_smape.hdr 0.9181 34.1403 35.5660 6.7816
RIT_Tiger_raw_linear_mu.hdr 0.9276 34.5920 36.3034 7.0303

Route_66_Museum_raw_mu_l1.hdr 0.9484 32.5261 34.6746 7.4177
Route_66_Museum_raw_pu21_l1.hdr 0.9354 31.6384 33.9423 7.0973
Route_66_Museum_raw_naive.hdr 0.8628 23.9706 24.6763 5.3480
Route_66_Museum_raw_linear_l1.hdr 0.9330 30.4405 33.6215 7.1119
Route_66_Museum_raw_pu_l1.hdr 0.9435 32.2855 34.6914 7.3333
Route_66_Museum_raw_pq_l1.hdr 0.9519 32.9869 35.8331 7.5317
Route_66_Museum_raw_linear_pq.hdr 0.9517 30.9606 36.1988 7.5857
Route_66_Museum_raw_linear_pu.hdr 0.9371 30.2505 34.2720 7.1521
Route_66_Museum_raw_linear_smape.hdr 0.9478 32.7499 35.6237 7.4481
Route_66_Museum_raw_linear_mu.hdr 0.9543 33.1967 36.4856 7.7102

The_Grotto_raw_mu_l1.hdr 0.8191 27.8106 30.4265 6.2042
The_Grotto_raw_pu21_l1.hdr 0.7938 27.1532 29.7992 5.9618
The_Grotto_raw_naive.hdr 0.6332 22.2085 23.6060 3.9165
The_Grotto_raw_linear_l1.hdr 0.7890 26.8570 29.6917 5.9271
The_Grotto_raw_pu_l1.hdr 0.8115 27.6172 30.2640 6.1518
The_Grotto_raw_pq_l1.hdr 0.8306 28.0410 30.8516 6.3568
The_Grotto_raw_linear_pq.hdr 0.8308 27.9955 30.9615 6.3940
The_Grotto_raw_linear_pu.hdr 0.7937 27.1756 29.8903 5.9474
The_Grotto_raw_linear_smape.hdr 0.8214 27.7718 30.6938 6.2725
The_Grotto_raw_linear_mu.hdr 0.8413 28.1479 31.3250 6.5319

Zentrum_raw_mu_l1.hdr 0.7356 28.5239 29.3194 6.4416
Zentrum_raw_pu21_l1.hdr 0.7030 27.5768 28.2439 6.0811
Zentrum_raw_naive.hdr 0.5694 21.2457 21.2594 4.1217
Zentrum_raw_linear_l1.hdr 0.6582 26.2781 27.3915 5.4063
Zentrum_raw_pu_l1.hdr 0.7193 28.0781 28.8380 6.2716
Zentrum_raw_pq_l1.hdr 0.7435 28.7109 29.5628 6.5770
Zentrum_raw_linear_pq.hdr 0.7347 28.6152 29.5580 6.4687
Zentrum_raw_linear_pu.hdr 0.6968 27.6099 28.2648 5.9358
Zentrum_raw_linear_smape.hdr 0.7270 28.3696 29.2446 6.3578
Zentrum_raw_linear_mu.hdr 0.7373 28.6416 29.6618 6.4959

navie_psnr_rgb = [24.7153, 20.9656, 17.4909, 20.9837, 18.928, 16.443, 27.54, 23.8452, 19.4653, 25.6291, 21.5481, 19.5644, 23.2587, 22.3218, 23.865, 23.9706, 22.2085, 21.2457]
linear_psnr_rgb = [28.7975, 25.7233, 19.0987, 23.9416, 24.0867, 17.4473, 31.0411, 30.9736, 18.6333, 30.2106, 19.5575, 21.8702, 29.9108, 29.4591, 32.057, 30.4405, 26.857, 26.2781]
log_psnr_rgb = []
pu_psnr_rgb = [31.5926, 26.7249, 20.9615, 24.7172, 24.8576, 22.2844, 32.7396, 35.0644, 26.6323, 33.2899, 27.3732, 26.2922, 32.6324, 31.8622, 33.6037, 32.2855, 27.6172, 28.0781]
pq_psnr_rgb = [32.5242, 27.3095, 21.2231, 25.1453, 25.4492, 22.3763, 33.218, 36.248, 27.0733, 33.9532, 27.2183, 26.6819, 33.2321, 32.7986, 34.3717, 32.9869, 28.041, 28.7109]
linear_smape_psnr_rgb = [31.4859, 26.9728, 20.4874, 24.7028, 25.09, 22.3021, 32.6007, 35.5708, 26.4297, 33.3834, 24.5588, 24.8841, 32.3904, 32.2987, 34.1403, 32.7499, 27.7718, 28.3696]
linear_pu_psnr_rgb = [30.4438, 25.8987, 17.0157, 24.0434, 24.3467, 20.9868, 31.938, 34.1624, 15.4929, 32.6456, 15.1637, 22.8893, 31.1995, 31.0032, 32.96, 30.2505, 27.1756, 27.6099]
linear_pq_psnr_rgb = [31.6888, 26.4785, 15.5488, 24.5125, 25.4088, 20.9241, 32.7348, 36.0821, 12.5999, 33.7131, 15.0874, 22.6424, 31.8172, 32.4378, 34.3872, 30.9606, 27.9955, 28.6152]
linear_mu_psnr_rgb = [31.7088, 27.4839, 21.2631, 25.1642, 25.6879, 22.3956, 32.7369, 36.0145, 26.4821, 33.7114, 23.8357, 25.1915, 32.7244, 32.6106, 34.592, 33.1967, 28.1479, 28.6416]
mu_l1_psnr_rgb = [32.1249, 26.9848, 21.0491, 24.9568, 25.0534, 22.498, 33.0652, 35.7596, 26.8099, 33.7161, 26.6751, 26.4632, 32.8964, 32.416, 33.7582, 32.5261, 27.8106, 28.5239]
pu21_psnr_rgb = [30.8533, 26.1802, 20.3369, 24.2442, 24.2965, 22.081, 32.1068, 33.509, 25.7901, 32.5962, 25.7739, 25.4881, 31.8656, 31.049, 32.2905, 31.6384, 27.1532, 27.5768]
navie_psnr_y = [24.9372, 21.5594, 20.8348, 23.2443, 19.6811, 17.6734, 27.6496, 24.1716, 20.2354, 26.1358, 23.5898, 20.592, 23.701, 22.541, 24.1405, 24.6763, 23.606, 21.2594]
linear_psnr_y = [30.529, 27.3621, 26.5621, 27.9595, 25.5981, 24.2905, 31.692, 32.8734, 28.702, 32.5408, 29.3214, 28.4095, 32.5238, 30.679, 33.6342, 33.6215, 29.6917, 27.3915]
log_psnr_y = []
pu_psnr_y = [32.9893, 28.1617, 27.0238, 28.7364, 26.3729, 26.7774, 33.4481, 36.1312, 31.8856, 35.8313, 32.2129, 30.8897, 34.2951, 32.7188, 34.8844, 34.6914, 30.264, 28.838]
pq_psnr_y = [34.0349, 28.8393, 27.6432, 29.3903, 27.0572, 27.5308, 34.0147, 37.5191, 32.9977, 36.6511, 32.9981, 32.0642, 35.1444, 33.7944, 35.8642, 35.8331, 30.8516, 29.5628]
linear_smape_psnr_y = [33.1738, 28.5422, 27.6973, 29.0631, 26.7026, 27.4386, 33.4717, 36.8441, 32.6686, 36.2635, 33.0272, 31.7969, 34.7915, 33.2789, 35.566, 35.6237, 30.6938, 29.2446]
linear_pu_psnr_y = [31.8497, 27.7272, 26.7639, 28.2645, 25.8446, 25.9013, 32.65, 35.2941, 30.99, 35.1387, 27.6071, 29.8677, 33.6038, 31.9264, 34.3141, 34.272, 29.8903, 28.2648]
linear_pq_psnr_y = [33.4605, 28.7999, 27.8911, 29.3456, 27.0683, 27.5629, 33.6702, 37.5097, 32.5699, 36.6467, 28.2048, 31.2373, 35.1383, 33.7153, 35.9426, 36.1988, 30.9615, 29.558]
linear_mu_psnr_y = [33.3548, 29.1924, 28.2256, 29.6871, 27.4392, 27.9499, 33.7861, 37.539, 32.8689, 36.787, 33.4972, 32.1876, 35.1944, 33.8618, 36.3034, 36.4856, 31.325, 29.6618]
mu_l1_psnr_y = [33.5302, 28.3542, 26.8927, 29.0532, 26.5477, 26.963, 33.7882, 36.9239, 31.6598, 36.3356, 32.6372, 31.4187, 34.5068, 33.3094, 34.9256, 34.6746, 30.4265, 29.3194]
pu21_psnr_y = [32.3157, 27.6271, 26.632, 28.2214, 25.7751, 26.3263, 32.797, 34.5519, 31.1227, 35.0671, 31.2398, 30.2881, 33.6498, 31.8173, 34.2596, 33.9423, 29.7992, 28.2439]
navie_cvvdp = [4.6518, 4.1339, 3.8366, 3.6157, 3.1848, 3.8587, 4.924, 5.2937, 4.7831, 5.59, 5.4618, 4.47, 4.7815, 5.1849, 4.6867, 5.348, 3.9165, 4.1217]
linear_cvvdp = [6.2625, 5.9675, 5.7711, 5.4265, 5.2818, 5.6385, 6.1114, 6.9482, 6.3647, 6.8895, 6.7877, 6.4237, 6.5569, 6.6677, 6.3268, 7.1119, 5.9271, 5.4063]
log_cvvdp = []
pu_cvvdp = [7.1656, 6.263, 5.8983, 5.6935, 5.5729, 6.298, 6.8307, 7.6193, 6.7628, 7.3597, 7.459, 6.836, 7.117, 7.3757, 6.6718, 7.3333, 6.1518, 6.2716]
pq_cvvdp = [7.4266, 6.4453, 6.0969, 5.9282, 5.8032, 6.5791, 7.0125, 7.8974, 6.9451, 7.6253, 7.6564, 7.1625, 7.3046, 7.5982, 6.8759, 7.5317, 6.3568, 6.577]
linear_smape_cvvdp = [7.1039, 6.3309, 6.0647, 5.8008, 5.6544, 6.3234, 6.809, 7.7144, 6.8568, 7.4784, 7.6265, 6.9474, 7.1839, 7.3831, 6.7816, 7.4481, 6.2725, 6.3578]
linear_pu_cvvdp = [6.694, 6.0314, 5.7375, 5.4452, 5.3102, 5.9555, 6.4495, 7.3678, 6.5095, 7.1786, 6.9635, 6.586, 6.8249, 6.9999, 6.4574, 7.1521, 5.9474, 5.9358]
linear_pq_cvvdp = [7.228, 6.4507, 6.1599, 5.9397, 5.8131, 6.444, 6.899, 7.8391, 6.7871, 7.5947, 7.1402, 7.0091, 7.3019, 7.4792, 6.9169, 7.5857, 6.394, 6.4687]
linear_mu_cvvdp = [7.1939, 6.592, 6.3036, 6.0957, 5.9546, 6.5039, 7.0054, 7.878, 7.0519, 7.6416, 7.683, 7.1025, 7.3914, 7.531, 7.0303, 7.7102, 6.5319, 6.4959]
mu_l1_psnr_cvvdp = [7.2757, 6.3349, 5.9148, 5.7743, 5.6431, 6.3897, 6.8905, 7.7627, 6.7994, 7.4556, 7.5799, 6.9655, 7.1774, 7.4744, 6.7139, 7.4177, 6.2042, 6.4416]
pu21_cvvdp = [6.9019, 6.0347, 5.7033, 5.4851, 5.3125, 6.0737, 6.5621, 7.3999, 6.5662, 7.1789, 7.286, 6.6579, 6.8812, 7.1496, 6.4811, 7.0973, 5.9618, 6.0811]
navie_ssim = [0.7667, 0.6459, 0.5594, 0.5647, 0.4296, 0.5603, 0.781, 0.8582, 0.7958, 0.8559, 0.8416, 0.7147, 0.8098, 0.8195, 0.8116, 0.8628, 0.6332, 0.5694]
linear_ssim = [0.8478, 0.7871, 0.7277, 0.7128, 0.6762, 0.6646, 0.8323, 0.9148, 0.8549, 0.8831, 0.8834, 0.8168, 0.8948, 0.8897, 0.8943, 0.933, 0.789, 0.6582]
pu_ssim = [0.8991, 0.818, 0.7529, 0.7461, 0.7178, 0.7498, 0.8719, 0.9448, 0.9033, 0.9204, 0.9266, 0.8519, 0.9219, 0.9246, 0.9128, 0.9435, 0.8115, 0.7193]
pq_ssim = [0.9156, 0.837, 0.7788, 0.7758, 0.7511, 0.7727, 0.8838, 0.9553, 0.9143, 0.9295, 0.9359, 0.8682, 0.9309, 0.936, 0.9229, 0.9519, 0.8306, 0.7435]
linear_smape_ssim = [0.8978, 0.8239, 0.7681, 0.7567, 0.7292, 0.7551, 0.8711, 0.9486, 0.908, 0.9241, 0.9276, 0.8576, 0.9255, 0.9262, 0.9181, 0.9478, 0.8214, 0.727]
linear_pu_ssim = [0.8746, 0.7962, 0.7294, 0.7198, 0.6849, 0.7258, 0.8516, 0.9372, 0.8805, 0.9128, 0.9095, 0.8386, 0.9103, 0.9081, 0.9028, 0.9371, 0.7937, 0.6968]
linear_pq_ssim = [0.9023, 0.8345, 0.7746, 0.7714, 0.7488, 0.7629, 0.8754, 0.9524, 0.9055, 0.9276, 0.9306, 0.8627, 0.9297, 0.9298, 0.9229, 0.9517, 0.8308, 0.7347]
linear_mu_ssim = [0.9022, 0.8464, 0.7923, 0.7878, 0.7652, 0.7663, 0.8808, 0.9529, 0.9122, 0.929, 0.9318, 0.8641, 0.9319, 0.9311, 0.9276, 0.9543, 0.8413, 0.7373]
mu_l1_psnr_ssim = [0.9097, 0.8293, 0.7606, 0.7612, 0.7321, 0.7603, 0.8785, 0.9521, 0.9066, 0.9255, 0.9334, 0.8599, 0.9267, 0.9318, 0.9165, 0.9484, 0.8191, 0.7356]
pu21_ssim = [0.8862, 0.7967, 0.7282, 0.7219, 0.6843, 0.7317, 0.8572, 0.9379, 0.894, 0.9135, 0.9194, 0.841, 0.9124, 0.914, 0.9032, 0.9354, 0.7938, 0.703]
