00.npy_lq.tiff 0.7753 27.4211 27.4952 6.0099
00.npy_linear_l1.tiff 0.7474 24.4791 26.2762 6.1071
00.npy_pu21_l1.tiff 0.7582 26.3786 27.3061 6.1215
00.npy_pq_l1.tiff 0.7573 25.8301 27.0440 6.1468
00.npy_linear_pq.tiff 0.7669 25.8150 27.1408 6.2089
00.npy_linear_pu21.tiff 0.7456 24.8806 26.4942 6.0925
00.npy_linear_smape.tiff 0.7483 24.3196 26.5102 6.1227
00.npy_linear_mu.tiff 0.7567 25.5113 26.8945 6.1453
00.npy_mu_l1.tiff 0.7671 26.3894 27.3663 6.1581

01.npy_lq.tiff 0.8585 30.4608 34.0364 7.0789
01.npy_linear_l1.tiff 0.8041 26.4868 27.3000 6.2263
01.npy_pu21_l1.tiff 0.8065 28.5347 31.8523 6.6866
01.npy_pq_l1.tiff 0.7965 28.2300 31.3522 6.5872
01.npy_linear_pq.tiff 0.8051 26.5453 27.7829 6.2078
01.npy_linear_pu21.tiff 0.8095 26.1480 27.2756 6.2697
01.npy_linear_smape.tiff 0.8033 25.0781 25.1653 6.0213
01.npy_linear_mu.tiff 0.7968 25.3305 25.7810 6.0207
01.npy_mu_l1.tiff 0.8042 28.4176 31.5462 6.6483

02.npy_lq.tiff 0.9692 37.9217 37.3470 7.7208
02.npy_linear_l1.tiff 0.9623 37.8043 38.6474 7.8570
02.npy_pu21_l1.tiff 0.9651 38.1255 39.3240 7.9534
02.npy_pq_l1.tiff 0.9657 36.5792 38.4008 7.9940
02.npy_linear_pq.tiff 0.9647 37.9145 38.8824 7.9579
02.npy_linear_pu21.tiff 0.9566 37.4126 38.2860 7.7436
02.npy_linear_smape.tiff 0.9613 37.5648 38.8937 7.8778
02.npy_linear_mu.tiff 0.9622 37.8861 38.7178 7.8818
02.npy_mu_l1.tiff 0.9655 37.7651 39.0165 7.9803

03.npy_lq.tiff 0.9651 38.0559 37.4970 7.7910
03.npy_linear_l1.tiff 0.9514 37.1535 38.5527 7.7903
03.npy_pu21_l1.tiff 0.9563 37.8986 38.9749 7.8469
03.npy_pq_l1.tiff 0.9506 36.4663 37.4319 7.7801
03.npy_linear_pq.tiff 0.9579 38.1789 39.1710 7.9232
03.npy_linear_pu21.tiff 0.9514 36.1358 37.7506 7.7929
03.npy_linear_smape.tiff 0.9550 37.4539 38.9832 7.8478
03.npy_linear_mu.tiff 0.9550 37.6305 38.7300 7.8361
03.npy_mu_l1.tiff 0.9568 37.5934 38.2164 7.8578

04.npy_lq.tiff 0.9862 40.9145 40.5512 8.3854
04.npy_linear_l1.tiff 0.9803 40.8859 43.1299 8.4031
04.npy_pu21_l1.tiff 0.9804 42.4169 44.0134 8.3778
04.npy_pq_l1.tiff 0.9818 40.0810 40.8712 8.4720
04.npy_linear_pq.tiff 0.9816 41.2236 43.0925 8.4892
04.npy_linear_pu21.tiff 0.9804 40.0594 41.8525 8.3837
04.npy_linear_smape.tiff 0.9802 41.4172 43.2850 8.3732
04.npy_linear_mu.tiff 0.9802 41.2424 43.1796 8.3988
04.npy_mu_l1.tiff 0.9822 41.3206 43.1714 8.4842

05.npy_lq.tiff 0.9852 38.7223 39.9094 8.4183
05.npy_linear_l1.tiff 0.9809 37.7131 41.0147 8.5203
05.npy_pu21_l1.tiff 0.9818 37.2310 40.4773 8.5079
05.npy_pq_l1.tiff 0.9790 35.3662 38.1413 8.5114
05.npy_linear_pq.tiff 0.9816 37.9996 40.8938 8.5835
05.npy_linear_pu21.tiff 0.9792 35.9908 39.6138 8.4630
05.npy_linear_smape.tiff 0.9818 37.6432 40.5766 8.5494
05.npy_linear_mu.tiff 0.9827 37.3754 40.5959 8.6011
05.npy_mu_l1.tiff 0.9827 37.7789 39.8331 8.5743

06.npy_lq.tiff 0.9697 36.9719 37.8644 7.9962
06.npy_linear_l1.tiff 0.9633 36.4604 39.1055 8.0532
06.npy_pu21_l1.tiff 0.9677 36.4590 38.9991 8.1928
06.npy_pq_l1.tiff 0.9620 35.5904 37.7379 8.0478
06.npy_linear_pq.tiff 0.9661 36.5894 39.1253 8.1490
06.npy_linear_pu21.tiff 0.9584 35.6113 38.2153 7.9428
06.npy_linear_smape.tiff 0.9639 36.1845 38.5757 8.1051
06.npy_linear_mu.tiff 0.9628 36.3551 38.8933 8.0251
06.npy_mu_l1.tiff 0.9647 36.8979 38.8442 8.0822

07.npy_lq.tiff 0.9716 29.0116 28.9407 8.1735
07.npy_linear_l1.tiff 0.9617 24.2860 24.0836 7.8207
07.npy_pu21_l1.tiff 0.9619 32.8688 34.3631 8.0064
07.npy_pq_l1.tiff 0.9610 32.3096 33.2734 7.9666
07.npy_linear_pq.tiff 0.9633 24.4936 23.4651 7.8614
07.npy_linear_pu21.tiff 0.9612 23.2442 21.5506 7.7694
07.npy_linear_smape.tiff 0.9617 23.9956 23.8399 7.7837
07.npy_linear_mu.tiff 0.9596 24.0043 23.6706 7.8194
07.npy_mu_l1.tiff 0.9606 31.8758 32.9786 7.9508

08.npy_lq.tiff 0.6698 28.3901 31.5346 5.6123
08.npy_linear_l1.tiff 0.6537 28.0604 31.4471 5.7361
08.npy_pu21_l1.tiff 0.6541 28.2847 31.3559 5.7504
08.npy_pq_l1.tiff 0.6544 27.9240 30.1422 5.7257
08.npy_linear_pq.tiff 0.6545 28.2591 31.5003 5.7641
08.npy_linear_pu21.tiff 0.6498 28.1383 30.8749 5.7031
08.npy_linear_smape.tiff 0.6488 27.9302 31.4745 5.7109
08.npy_linear_mu.tiff 0.6505 28.0841 31.1688 5.7392
08.npy_mu_l1.tiff 0.6555 28.3432 30.9436 5.7499

09.npy_lq.tiff 0.9515 35.3632 34.6117 7.5263
09.npy_linear_l1.tiff 0.9558 34.8490 36.0424 8.0213
09.npy_pu21_l1.tiff 0.9548 35.4311 36.0809 7.9413
09.npy_pq_l1.tiff 0.9498 34.4724 35.1464 7.9059
09.npy_linear_pq.tiff 0.9577 35.2613 36.2878 8.0497
09.npy_linear_pu21.tiff 0.9503 34.1652 35.3895 7.9181
09.npy_linear_smape.tiff 0.9526 34.6903 35.7534 7.9527
09.npy_linear_mu.tiff 0.9540 34.7141 35.8344 7.9600
09.npy_mu_l1.tiff 0.9569 35.3550 36.0803 8.0105

10.npy_lq.tiff 0.7405 27.3601 27.1014 5.7873
10.npy_linear_l1.tiff 0.6904 24.6910 25.8823 5.7980
10.npy_pu21_l1.tiff 0.6886 25.7722 26.2894 5.7507
10.npy_pq_l1.tiff 0.6902 25.3655 26.2330 5.7696
10.npy_linear_pq.tiff 0.7081 25.4802 26.3678 5.8633
10.npy_linear_pu21.tiff 0.6818 24.4076 25.7615 5.7466
10.npy_linear_smape.tiff 0.6808 24.2089 25.7749 5.7588
10.npy_linear_mu.tiff 0.6911 25.0322 26.0205 5.7864
10.npy_mu_l1.tiff 0.7072 26.0767 26.5087 5.8072

11.npy_lq.tiff 0.9393 35.5831 34.9592 7.2824
11.npy_linear_l1.tiff 0.9333 34.4283 34.9971 7.5642
11.npy_pu21_l1.tiff 0.9341 34.8649 35.2156 7.5345
11.npy_pq_l1.tiff 0.9338 34.4819 34.9136 7.5803
11.npy_linear_pq.tiff 0.9370 34.7320 35.2813 7.5858
11.npy_linear_pu21.tiff 0.9290 33.9498 34.6853 7.4932
11.npy_linear_smape.tiff 0.9315 34.4716 35.0323 7.4901
11.npy_linear_mu.tiff 0.9345 34.7532 35.2121 7.5735
11.npy_mu_l1.tiff 0.9395 35.0705 35.4776 7.6439

12.npy_lq.tiff 0.9468 30.2345 30.6233 7.4888
12.npy_linear_l1.tiff 0.9359 23.1845 22.6880 7.4469
12.npy_pu21_l1.tiff 0.9430 30.6189 33.3860 7.7191
12.npy_pq_l1.tiff 0.9357 29.5590 32.7468 7.6093
12.npy_linear_pq.tiff 0.9434 22.9673 22.0203 7.5689
12.npy_linear_pu21.tiff 0.9357 22.5082 22.3029 7.4660
12.npy_linear_smape.tiff 0.9376 23.2475 22.5448 7.5085
12.npy_linear_mu.tiff 0.9347 22.0705 21.3565 7.4402
12.npy_mu_l1.tiff 0.9409 30.7762 32.7917 7.6829

13.npy_lq.tiff 0.9303 31.3551 31.4525 7.1252
13.npy_linear_l1.tiff 0.8934 23.0914 22.3665 6.8425
13.npy_pu21_l1.tiff 0.9044 33.6707 34.5091 7.0108
13.npy_pq_l1.tiff 0.8964 32.8788 33.8807 6.9425
13.npy_linear_pq.tiff 0.9126 23.3837 22.6242 7.1182
13.npy_linear_pu21.tiff 0.8955 22.0800 21.8684 6.9269
13.npy_linear_smape.tiff 0.9004 22.4977 22.0039 6.9094
13.npy_linear_mu.tiff 0.9014 22.5065 21.6918 6.9559
13.npy_mu_l1.tiff 0.9039 33.0630 33.9836 7.0488

14.npy_lq.tiff 0.9422 35.1584 35.3689 7.4757
14.npy_linear_l1.tiff 0.9228 31.9800 34.8481 7.4892
14.npy_pu21_l1.tiff 0.9276 32.1553 35.8192 7.5576
14.npy_pq_l1.tiff 0.9237 31.6176 34.8992 7.5175
14.npy_linear_pq.tiff 0.9302 32.0109 35.1328 7.5504
14.npy_linear_pu21.tiff 0.9293 31.4606 35.1833 7.5547
14.npy_linear_smape.tiff 0.9307 31.0068 35.1931 7.5645
14.npy_linear_mu.tiff 0.9240 31.8237 35.5131 7.4849
14.npy_mu_l1.tiff 0.9314 33.0437 35.4393 7.5699

15.npy_lq.tiff 0.9604 38.1576 37.6623 7.8083
15.npy_linear_l1.tiff 0.9502 35.8221 37.2391 7.8929
15.npy_pu21_l1.tiff 0.9542 36.4912 37.9321 7.9643
15.npy_pq_l1.tiff 0.9483 35.2021 36.5196 7.8543
15.npy_linear_pq.tiff 0.9523 36.2966 37.6068 7.9180
15.npy_linear_pu21.tiff 0.9460 34.4078 36.3287 7.7789
15.npy_linear_smape.tiff 0.9512 35.9192 37.3803 7.8834
15.npy_linear_mu.tiff 0.9491 35.4160 37.3130 7.8365
15.npy_mu_l1.tiff 0.9563 37.0440 37.8604 7.9657

16.npy_lq.tiff 0.8526 30.7998 30.1487 6.4357
16.npy_linear_l1.tiff 0.7877 27.4284 28.9228 6.3734
16.npy_pu21_l1.tiff 0.8131 28.7727 29.7565 6.4958
16.npy_pq_l1.tiff 0.8044 28.6172 29.5474 6.4850
16.npy_linear_pq.tiff 0.8133 28.3208 29.6171 6.5232
16.npy_linear_pu21.tiff 0.7956 27.1526 28.9315 6.4225
16.npy_linear_smape.tiff 0.7956 27.7213 29.1959 6.4303
16.npy_linear_mu.tiff 0.7968 27.9220 29.2253 6.4065
16.npy_mu_l1.tiff 0.8277 28.9077 29.8437 6.5834

17.npy_lq.tiff 0.9531 39.4898 39.1480 7.4288
17.npy_linear_l1.tiff 0.9221 36.2857 37.5466 7.1530
17.npy_pu21_l1.tiff 0.9294 36.8282 37.9436 7.3350
17.npy_pq_l1.tiff 0.9267 35.7143 36.8149 7.2367
17.npy_linear_pq.tiff 0.9273 36.1839 37.7843 7.2760
17.npy_linear_pu21.tiff 0.9211 35.4705 36.8146 7.0687
17.npy_linear_smape.tiff 0.9305 37.0634 38.4536 7.2858
17.npy_linear_mu.tiff 0.9220 35.6295 37.3240 7.1277
17.npy_mu_l1.tiff 0.9286 37.1012 37.6706 7.2601

18.npy_lq.tiff 0.9593 39.9545 40.0009 7.7738
18.npy_linear_l1.tiff 0.9276 36.6753 38.5264 7.5610
18.npy_pu21_l1.tiff 0.9315 36.7246 38.5656 7.6364
18.npy_pq_l1.tiff 0.9307 35.9916 37.2139 7.6490
18.npy_linear_pq.tiff 0.9279 36.9939 38.7563 7.6330
18.npy_linear_pu21.tiff 0.9260 34.3715 37.0117 7.5344
18.npy_linear_smape.tiff 0.9297 36.3465 38.3628 7.5749
18.npy_linear_mu.tiff 0.9229 36.6799 38.2748 7.5128
18.npy_mu_l1.tiff 0.9387 37.2529 38.9763 7.7258

19.npy_lq.tiff 0.8998 32.9647 32.1707 6.8711
19.npy_linear_l1.tiff 0.8581 30.3958 31.2856 6.8133
19.npy_pu21_l1.tiff 0.8710 31.8744 32.1015 6.8732
19.npy_pq_l1.tiff 0.8639 31.3338 31.7336 6.8551
19.npy_linear_pq.tiff 0.8734 31.7339 32.0945 6.9445
19.npy_linear_pu21.tiff 0.8578 30.3295 31.1961 6.7979
19.npy_linear_smape.tiff 0.8603 30.6368 31.3750 6.8391
19.npy_linear_mu.tiff 0.8639 30.9539 31.5695 6.8351
19.npy_mu_l1.tiff 0.8768 31.8095 31.8518 6.9026

20.npy_lq.tiff 0.9554 35.8777 35.0968 7.4742
20.npy_linear_l1.tiff 0.9348 36.2876 37.2704 7.3950
20.npy_pu21_l1.tiff 0.9410 36.8797 37.5185 7.4558
20.npy_pq_l1.tiff 0.9384 35.7394 36.2013 7.4540
20.npy_linear_pq.tiff 0.9429 36.8788 37.5069 7.5627
20.npy_linear_pu21.tiff 0.9368 35.0656 36.3436 7.4025
20.npy_linear_smape.tiff 0.9371 36.2722 37.1411 7.4262
20.npy_linear_mu.tiff 0.9388 35.8712 37.2537 7.4528
20.npy_mu_l1.tiff 0.9386 35.7376 35.8910 7.4307

21.npy_lq.tiff 0.9506 35.8174 36.6807 7.4512
21.npy_linear_l1.tiff 0.9256 34.1211 36.0846 7.3434
21.npy_pu21_l1.tiff 0.9390 34.7611 36.5059 7.5335
21.npy_pq_l1.tiff 0.9228 32.9805 34.6980 7.3367
21.npy_linear_pq.tiff 0.9333 34.7405 36.4727 7.4886
21.npy_linear_pu21.tiff 0.9177 33.6553 35.4210 7.2323
21.npy_linear_smape.tiff 0.9333 34.1866 36.0929 7.4875
21.npy_linear_mu.tiff 0.9243 34.2244 35.9034 7.2954
21.npy_mu_l1.tiff 0.9312 34.8233 36.2997 7.3968

22.npy_lq.tiff 0.9725 42.6028 43.3410 8.1572
22.npy_linear_l1.tiff 0.9604 40.1500 42.6381 7.8847
22.npy_pu21_l1.tiff 0.9626 39.9990 42.7028 7.9676
22.npy_pq_l1.tiff 0.9598 37.6027 39.3154 7.9146
22.npy_linear_pq.tiff 0.9616 40.8872 42.6532 7.9693
22.npy_linear_pu21.tiff 0.9624 37.2611 40.3266 7.9662
22.npy_linear_smape.tiff 0.9621 39.8551 42.2489 7.9442
22.npy_linear_mu.tiff 0.9617 39.7764 41.6557 7.9093
22.npy_mu_l1.tiff 0.9618 39.7711 41.6994 7.9187

23.npy_lq.tiff 0.9500 32.9637 32.9557 7.5882
23.npy_linear_l1.tiff 0.9401 32.2223 33.4925 7.7061
23.npy_pu21_l1.tiff 0.9463 33.6436 34.5256 7.7953
23.npy_pq_l1.tiff 0.9416 32.4850 33.6740 7.7450
23.npy_linear_pq.tiff 0.9460 32.5358 33.7970 7.7916
23.npy_linear_pu21.tiff 0.9398 32.0125 33.4845 7.6877
23.npy_linear_smape.tiff 0.9425 32.5371 33.7912 7.7301
23.npy_linear_mu.tiff 0.9425 32.2903 33.6618 7.7308
23.npy_mu_l1.tiff 0.9448 33.1138 33.9980 7.7629

24.npy_lq.tiff 0.3421 26.0756 26.9960 5.4098
24.npy_linear_l1.tiff 0.3449 26.0289 26.8219 5.4968
24.npy_pu21_l1.tiff 0.3436 26.2236 27.2156 5.4956
24.npy_pq_l1.tiff 0.3409 26.1226 27.0189 5.4868
24.npy_linear_pq.tiff 0.3425 26.1033 27.0017 5.4960
24.npy_linear_pu21.tiff 0.3430 26.1960 27.1244 5.4946
24.npy_linear_smape.tiff 0.3364 26.0175 26.9744 5.4784
24.npy_linear_mu.tiff 0.3418 26.0710 27.0152 5.4955
24.npy_mu_l1.tiff 0.3424 26.2361 27.1689 5.4942

25.npy_lq.tiff 0.9898 41.6341 42.0196 8.7537
25.npy_linear_l1.tiff 0.9804 37.0186 41.6137 8.6655
25.npy_pu21_l1.tiff 0.9816 34.2283 39.5319 8.7332
25.npy_pq_l1.tiff 0.9824 35.4211 41.2646 8.7277
25.npy_linear_pq.tiff 0.9814 38.2228 42.3741 8.7071
25.npy_linear_pu21.tiff 0.9831 32.7802 38.9716 8.7734
25.npy_linear_smape.tiff 0.9831 35.0623 39.3052 8.7023
25.npy_linear_mu.tiff 0.9811 37.0382 41.3787 8.7229
25.npy_mu_l1.tiff 0.9830 36.5192 41.8189 8.7510

26.npy_lq.tiff 0.9913 39.7692 42.5564 8.6477
26.npy_linear_l1.tiff 0.9850 38.5892 41.9287 8.5538
26.npy_pu21_l1.tiff 0.9875 37.8185 41.4606 8.7241
26.npy_pq_l1.tiff 0.9870 37.2054 40.2842 8.7177
26.npy_linear_pq.tiff 0.9859 38.5263 42.1237 8.6368
26.npy_linear_pu21.tiff 0.9846 37.8556 41.1879 8.5352
26.npy_linear_smape.tiff 0.9859 38.1012 41.2485 8.6071
26.npy_linear_mu.tiff 0.9857 38.5117 41.8568 8.5724
26.npy_mu_l1.tiff 0.9866 37.7633 40.7615 8.6820

27.npy_lq.tiff 0.9537 35.9639 36.6622 7.8194
27.npy_linear_l1.tiff 0.9317 33.0712 35.8376 7.7244
27.npy_pu21_l1.tiff 0.9272 32.8448 35.7876 7.7119
27.npy_pq_l1.tiff 0.9229 32.5960 35.3959 7.7303
27.npy_linear_pq.tiff 0.9412 33.4720 36.3059 7.9075
27.npy_linear_pu21.tiff 0.9286 31.3340 35.1245 7.7553
27.npy_linear_smape.tiff 0.9383 32.1731 35.8851 7.8476
27.npy_linear_mu.tiff 0.9321 32.4085 35.9696 7.7448
27.npy_mu_l1.tiff 0.9372 33.1982 35.9267 7.8389

28.npy_lq.tiff 0.8791 28.4125 28.5864 6.6962
28.npy_linear_l1.tiff 0.8707 26.2078 28.1547 6.9231
28.npy_pu21_l1.tiff 0.8749 26.7246 28.9104 6.9898
28.npy_pq_l1.tiff 0.8735 26.5228 28.7937 7.0049
28.npy_linear_pq.tiff 0.8776 26.3620 28.4767 6.9632
28.npy_linear_pu21.tiff 0.8701 25.4297 27.9571 6.9063
28.npy_linear_smape.tiff 0.8747 25.6670 28.2712 6.9688
28.npy_linear_mu.tiff 0.8714 26.1002 28.4366 6.9390
28.npy_mu_l1.tiff 0.8814 27.2603 28.9595 7.0516

29.npy_lq.tiff 0.9411 34.8447 34.1077 7.3198
29.npy_linear_l1.tiff 0.9258 33.0205 33.5427 7.3742
29.npy_pu21_l1.tiff 0.9307 34.0627 34.1776 7.4115
29.npy_pq_l1.tiff 0.9299 33.2761 33.6251 7.4368
29.npy_linear_pq.tiff 0.9331 33.5793 34.2126 7.4854
29.npy_linear_pu21.tiff 0.9271 33.0254 33.6535 7.3971
29.npy_linear_smape.tiff 0.9297 33.2813 33.7687 7.4347
29.npy_linear_mu.tiff 0.9339 33.8210 34.2738 7.5017
29.npy_mu_l1.tiff 0.9329 33.7694 34.0891 7.4636

navie_psnr_rgb = [27.4211, 30.4608, 37.9217, 38.0559, 40.9145, 38.7223, 36.9719, 29.0116, 28.3901, 35.3632, 27.3601, 35.5831, 30.2345, 31.3551, 35.1584, 38.1576, 30.7998, 39.4898, 39.9545, 32.9647, 35.8777, 35.8174, 42.6028, 32.9637, 26.0756, 41.6341, 39.7692, 35.9639, 28.4125, 34.8447]
linear_psnr_rgb = [24.4791, 26.4868, 37.8043, 37.1535, 40.8859, 37.7131, 36.4604, 24.286, 28.0604, 34.849, 24.691, 34.4283, 23.1845, 23.0914, 31.98, 35.8221, 27.4284, 36.2857, 36.6753, 30.3958, 36.2876, 34.1211, 40.15, 32.2223, 26.0289, 37.0186, 38.5892, 33.0712, 26.2078, 33.0205]
log_psnr_rgb = []
pu_psnr_rgb = []
pq_psnr_rgb = [25.8301, 28.23, 36.5792, 36.4663, 40.081, 35.3662, 35.5904, 32.3096, 27.924, 34.4724, 25.3655, 34.4819, 29.559, 32.8788, 31.6176, 35.2021, 28.6172, 35.7143, 35.9916, 31.3338, 35.7394, 32.9805, 37.6027, 32.485, 26.1226, 35.4211, 37.2054, 32.596, 26.5228, 33.2761]
linear_smape_psnr_rgb = [24.3196, 25.0781, 37.5648, 37.4539, 41.4172, 37.6432, 36.1845, 23.9956, 27.9302, 34.6903, 24.2089, 34.4716, 23.2475, 22.4977, 31.0068, 35.9192, 27.7213, 37.0634, 36.3465, 30.6368, 36.2722, 34.1866, 39.8551, 32.5371, 26.0175, 35.0623, 38.1012, 32.1731, 25.667, 33.2813]
linear_pu_psnr_rgb = [24.8806, 26.148, 37.4126, 36.1358, 40.0594, 35.9908, 35.6113, 23.2442, 28.1383, 34.1652, 24.4076, 33.9498, 22.5082, 22.08, 31.4606, 34.4078, 27.1526, 35.4705, 34.3715, 30.3295, 35.0656, 33.6553, 37.2611, 32.0125, 26.196, 32.7802, 37.8556, 31.334, 25.4297, 33.0254]
linear_pq_psnr_rgb = [25.815, 26.5453, 37.9145, 38.1789, 41.2236, 37.9996, 36.5894, 24.4936, 28.2591, 35.2613, 25.4802, 34.732, 22.9673, 23.3837, 32.0109, 36.2966, 28.3208, 36.1839, 36.9939, 31.7339, 36.8788, 34.7405, 40.8872, 32.5358, 26.1033, 38.2228, 38.5263, 33.472, 26.362, 33.5793]
linear_mu_psnr_rgb = [25.5113, 25.3305, 37.8861, 37.6305, 41.2424, 37.3754, 36.3551, 24.0043, 28.0841, 34.7141, 25.0322, 34.7532, 22.0705, 22.5065, 31.8237, 35.416, 27.922, 35.6295, 36.6799, 30.9539, 35.8712, 34.2244, 39.7764, 32.2903, 26.071, 37.0382, 38.5117, 32.4085, 26.1002, 33.821]
mu_l1_psnr_rgb = [26.3894, 28.4176, 37.7651, 37.5934, 41.3206, 37.7789, 36.8979, 31.8758, 28.3432, 35.355, 26.0767, 35.0705, 30.7762, 33.063, 33.0437, 37.044, 28.9077, 37.1012, 37.2529, 31.8095, 35.7376, 34.8233, 39.7711, 33.1138, 26.2361, 36.5192, 37.7633, 33.1982, 27.2603, 33.7694]
pu21_psnr_rgb = [26.3786, 28.5347, 38.1255, 37.8986, 42.4169, 37.231, 36.459, 32.8688, 28.2847, 35.4311, 25.7722, 34.8649, 30.6189, 33.6707, 32.1553, 36.4912, 28.7727, 36.8282, 36.7246, 31.8744, 36.8797, 34.7611, 39.999, 33.6436, 26.2236, 34.2283, 37.8185, 32.8448, 26.7246, 34.0627]
navie_psnr_y = [27.4952, 34.0364, 37.347, 37.497, 40.5512, 39.9094, 37.8644, 28.9407, 31.5346, 34.6117, 27.1014, 34.9592, 30.6233, 31.4525, 35.3689, 37.6623, 30.1487, 39.148, 40.0009, 32.1707, 35.0968, 36.6807, 43.341, 32.9557, 26.996, 42.0196, 42.5564, 36.6622, 28.5864, 34.1077]
linear_psnr_y = [26.2762, 27.3, 38.6474, 38.5527, 43.1299, 41.0147, 39.1055, 24.0836, 31.4471, 36.0424, 25.8823, 34.9971, 22.688, 22.3665, 34.8481, 37.2391, 28.9228, 37.5466, 38.5264, 31.2856, 37.2704, 36.0846, 42.6381, 33.4925, 26.8219, 41.6137, 41.9287, 35.8376, 28.1547, 33.5427]
log_psnr_y = []
pu_psnr_y = []
pq_psnr_y = [27.044, 31.3522, 38.4008, 37.4319, 40.8712, 38.1413, 37.7379, 33.2734, 30.1422, 35.1464, 26.233, 34.9136, 32.7468, 33.8807, 34.8992, 36.5196, 29.5474, 36.8149, 37.2139, 31.7336, 36.2013, 34.698, 39.3154, 33.674, 27.0189, 41.2646, 40.2842, 35.3959, 28.7937, 33.6251]
linear_smape_psnr_y = [26.5102, 25.1653, 38.8937, 38.9832, 43.285, 40.5766, 38.5757, 23.8399, 31.4745, 35.7534, 25.7749, 35.0323, 22.5448, 22.0039, 35.1931, 37.3803, 29.1959, 38.4536, 38.3628, 31.375, 37.1411, 36.0929, 42.2489, 33.7912, 26.9744, 39.3052, 41.2485, 35.8851, 28.2712, 33.7687]
linear_pu_psnr_y = [26.4942, 27.2756, 38.286, 37.7506, 41.8525, 39.6138, 38.2153, 21.5506, 30.8749, 35.3895, 25.7615, 34.6853, 22.3029, 21.8684, 35.1833, 36.3287, 28.9315, 36.8146, 37.0117, 31.1961, 36.3436, 35.421, 40.3266, 33.4845, 27.1244, 38.9716, 41.1879, 35.1245, 27.9571, 33.6535]
linear_pq_psnr_y = [27.1408, 27.7829, 38.8824, 39.171, 43.0925, 40.8938, 39.1253, 23.4651, 31.5003, 36.2878, 26.3678, 35.2813, 22.0203, 22.6242, 35.1328, 37.6068, 29.6171, 37.7843, 38.7563, 32.0945, 37.5069, 36.4727, 42.6532, 33.797, 27.0017, 42.3741, 42.1237, 36.3059, 28.4767, 34.2126]
linear_mu_psnr_y = [26.8945, 25.781, 38.7178, 38.73, 43.1796, 40.5959, 38.8933, 23.6706, 31.1688, 35.8344, 26.0205, 35.2121, 21.3565, 21.6918, 35.5131, 37.313, 29.2253, 37.324, 38.2748, 31.5695, 37.2537, 35.9034, 41.6557, 33.6618, 27.0152, 41.3787, 41.8568, 35.9696, 28.4366, 34.2738]
mu_l1_psnr_y = [27.3663, 31.5462, 39.0165, 38.2164, 43.1714, 39.8331, 38.8442, 32.9786, 30.9436, 36.0803, 26.5087, 35.4776, 32.7917, 33.9836, 35.4393, 37.8604, 29.8437, 37.6706, 38.9763, 31.8518, 35.891, 36.2997, 41.6994, 33.998, 27.1689, 41.8189, 40.7615, 35.9267, 28.9595, 34.0891]
pu21_psnr_y = [27.3061, 31.8523, 39.324, 38.9749, 44.0134, 40.4773, 38.9991, 34.3631, 31.3559, 36.0809, 26.2894, 35.2156, 33.386, 34.5091, 35.8192, 37.9321, 29.7565, 37.9436, 38.5656, 32.1015, 37.5185, 36.5059, 42.7028, 34.5256, 27.2156, 39.5319, 41.4606, 35.7876, 28.9104, 34.1776]
navie_cvvdp = [6.0099, 7.0789, 7.7208, 7.791, 8.3854, 8.4183, 7.9962, 8.1735, 5.6123, 7.5263, 5.7873, 7.2824, 7.4888, 7.1252, 7.4757, 7.8083, 6.4357, 7.4288, 7.7738, 6.8711, 7.4742, 7.4512, 8.1572, 7.5882, 5.4098, 8.7537, 8.6477, 7.8194, 6.6962, 7.3198]
linear_cvvdp = [6.1071, 6.2263, 7.857, 7.7903, 8.4031, 8.5203, 8.0532, 7.8207, 5.7361, 8.0213, 5.798, 7.5642, 7.4469, 6.8425, 7.4892, 7.8929, 6.3734, 7.153, 7.561, 6.8133, 7.395, 7.3434, 7.8847, 7.7061, 5.4968, 8.6655, 8.5538, 7.7244, 6.9231, 7.3742]
log_cvvdp = []
pu_cvvdp = []
pq_cvvdp = [6.1468, 6.5872, 7.994, 7.7801, 8.472, 8.5114, 8.0478, 7.9666, 5.7257, 7.9059, 5.7696, 7.5803, 7.6093, 6.9425, 7.5175, 7.8543, 6.485, 7.2367, 7.649, 6.8551, 7.454, 7.3367, 7.9146, 7.745, 5.4868, 8.7277, 8.7177, 7.7303, 7.0049, 7.4368]
linear_smape_cvvdp = [6.1227, 6.0213, 7.8778, 7.8478, 8.3732, 8.5494, 8.1051, 7.7837, 5.7109, 7.9527, 5.7588, 7.4901, 7.5085, 6.9094, 7.5645, 7.8834, 6.4303, 7.2858, 7.5749, 6.8391, 7.4262, 7.4875, 7.9442, 7.7301, 5.4784, 8.7023, 8.6071, 7.8476, 6.9688, 7.4347]
linear_pu_cvvdp = [6.0925, 6.2697, 7.7436, 7.7929, 8.3837, 8.463, 7.9428, 7.7694, 5.7031, 7.9181, 5.7466, 7.4932, 7.466, 6.9269, 7.5547, 7.7789, 6.4225, 7.0687, 7.5344, 6.7979, 7.4025, 7.2323, 7.9662, 7.6877, 5.4946, 8.7734, 8.5352, 7.7553, 6.9063, 7.3971]
linear_pq_cvvdp = [6.2089, 6.2078, 7.9579, 7.9232, 8.4892, 8.5835, 8.149, 7.8614, 5.7641, 8.0497, 5.8633, 7.5858, 7.5689, 7.1182, 7.5504, 7.918, 6.5232, 7.276, 7.633, 6.9445, 7.5627, 7.4886, 7.9693, 7.7916, 5.496, 8.7071, 8.6368, 7.9075, 6.9632, 7.4854]
linear_mu_cvvdp = [6.1453, 6.0207, 7.8818, 7.8361, 8.3988, 8.6011, 8.0251, 7.8194, 5.7392, 7.96, 5.7864, 7.5735, 7.4402, 6.9559, 7.4849, 7.8365, 6.4065, 7.1277, 7.5128, 6.8351, 7.4528, 7.2954, 7.9093, 7.7308, 5.4955, 8.7229, 8.5724, 7.7448, 6.939, 7.5017]
mu_l1_psnr_cvvdp = [6.1581, 6.6483, 7.9803, 7.8578, 8.4842, 8.5743, 8.0822, 7.9508, 5.7499, 8.0105, 5.8072, 7.6439, 7.6829, 7.0488, 7.5699, 7.9657, 6.5834, 7.2601, 7.7258, 6.9026, 7.4307, 7.3968, 7.9187, 7.7629, 5.4942, 8.751, 8.682, 7.8389, 7.0516, 7.4636]
pu21_cvvdp = [6.1215, 6.6866, 7.9534, 7.8469, 8.3778, 8.5079, 8.1928, 8.0064, 5.7504, 7.9413, 5.7507, 7.5345, 7.7191, 7.0108, 7.5576, 7.9643, 6.4958, 7.335, 7.6364, 6.8732, 7.4558, 7.5335, 7.9676, 7.7953, 5.4956, 8.7332, 8.7241, 7.7119, 6.9898, 7.4115]
navie_ssim = [0.7753, 0.8585, 0.9692, 0.9651, 0.9862, 0.9852, 0.9697, 0.9716, 0.6698, 0.9515, 0.7405, 0.9393, 0.9468, 0.9303, 0.9422, 0.9604, 0.8526, 0.9531, 0.9593, 0.8998, 0.9554, 0.9506, 0.9725, 0.95, 0.3421, 0.9898, 0.9913, 0.9537, 0.8791, 0.9411]
linear_ssim = [0.7474, 0.8041, 0.9623, 0.9514, 0.9803, 0.9809, 0.9633, 0.9617, 0.6537, 0.9558, 0.6904, 0.9333, 0.9359, 0.8934, 0.9228, 0.9502, 0.7877, 0.9221, 0.9276, 0.8581, 0.9348, 0.9256, 0.9604, 0.9401, 0.3449, 0.9804, 0.985, 0.9317, 0.8707, 0.9258]
pu_ssim = []
pq_ssim = [0.7573, 0.7965, 0.9657, 0.9506, 0.9818, 0.979, 0.962, 0.961, 0.6544, 0.9498, 0.6902, 0.9338, 0.9357, 0.8964, 0.9237, 0.9483, 0.8044, 0.9267, 0.9307, 0.8639, 0.9384, 0.9228, 0.9598, 0.9416, 0.3409, 0.9824, 0.987, 0.9229, 0.8735, 0.9299]
linear_smape_ssim = [0.7483, 0.8033, 0.9613, 0.955, 0.9802, 0.9818, 0.9639, 0.9617, 0.6488, 0.9526, 0.6808, 0.9315, 0.9376, 0.9004, 0.9307, 0.9512, 0.7956, 0.9305, 0.9297, 0.8603, 0.9371, 0.9333, 0.9621, 0.9425, 0.3364, 0.9831, 0.9859, 0.9383, 0.8747, 0.9297]
linear_pu_ssim = [0.7456, 0.8095, 0.9566, 0.9514, 0.9804, 0.9792, 0.9584, 0.9612, 0.6498, 0.9503, 0.6818, 0.929, 0.9357, 0.8955, 0.9293, 0.946, 0.7956, 0.9211, 0.926, 0.8578, 0.9368, 0.9177, 0.9624, 0.9398, 0.343, 0.9831, 0.9846, 0.9286, 0.8701, 0.9271]
linear_pq_ssim = [0.7669, 0.8051, 0.9647, 0.9579, 0.9816, 0.9816, 0.9661, 0.9633, 0.6545, 0.9577, 0.7081, 0.937, 0.9434, 0.9126, 0.9302, 0.9523, 0.8133, 0.9273, 0.9279, 0.8734, 0.9429, 0.9333, 0.9616, 0.946, 0.3425, 0.9814, 0.9859, 0.9412, 0.8776, 0.9331]
linear_mu_ssim = [0.7567, 0.7968, 0.9622, 0.955, 0.9802, 0.9827, 0.9628, 0.9596, 0.6505, 0.954, 0.6911, 0.9345, 0.9347, 0.9014, 0.924, 0.9491, 0.7968, 0.922, 0.9229, 0.8639, 0.9388, 0.9243, 0.9617, 0.9425, 0.3418, 0.9811, 0.9857, 0.9321, 0.8714, 0.9339]
mu_l1_psnr_ssim = [0.7671, 0.8042, 0.9655, 0.9568, 0.9822, 0.9827, 0.9647, 0.9606, 0.6555, 0.9569, 0.7072, 0.9395, 0.9409, 0.9039, 0.9314, 0.9563, 0.8277, 0.9286, 0.9387, 0.8768, 0.9386, 0.9312, 0.9618, 0.9448, 0.3424, 0.983, 0.9866, 0.9372, 0.8814, 0.9329]
pu21_ssim = [0.7582, 0.8065, 0.9651, 0.9563, 0.9804, 0.9818, 0.9677, 0.9619, 0.6541, 0.9548, 0.6886, 0.9341, 0.943, 0.9044, 0.9276, 0.9542, 0.8131, 0.9294, 0.9315, 0.871, 0.941, 0.939, 0.9626, 0.9463, 0.3436, 0.9816, 0.9875, 0.9272, 0.8749, 0.9307]
